nnodes narcs type
12 132  digraph 
nodename posx posy
12 641.532 950.39
11 577.411 285.142
10 271.96 131.437
9 788.604 949.901
8 200.227 92.699
7 55.9664 734.106
6 68.3032 946.832
5 557.929 110.125
4 262.851 479.512
3 424.583 358.387
2 870.139 848.691
1 193.465 728.678
tail head weight
12 11 668.331
12 10 898.48
12 9 147.073
12 8 964.564
12 7 624.232
12 6 573.24
12 5 844.414
12 4 604.256
12 3 630.503
12 2 250.207
12 1 499.92
11 12 668.331
11 10 341.943
11 9 697.5
11 8 423.441
11 7 688.094
11 6 834.88
11 5 176.098
11 4 369.767
11 3 169.473
11 2 635.041
11 1 586.633
10 12 898.48
10 11 341.943
10 9 967.886
10 8 81.5253
10 7 640.206
10 6 840.444
10 5 286.762
10 4 348.194
10 3 273.496
10 2 933.954
10 1 602.377
9 12 147.073
9 11 697.5
9 10 967.886
9 8 1039.7
9 7 763.757
9 6 720.307
9 5 870.881
9 4 705.465
9 3 694.55
9 2 129.967
9 1 634.925
8 12 964.564
8 11 423.441
8 10 81.5253
8 9 1039.7
8 7 657.43
8 6 864.261
8 5 358.127
8 4 391.85
8 3 347.744
8 2 1010.1
8 1 636.015
7 12 624.232
7 11 688.094
7 10 640.206
7 9 763.757
7 8 657.43
7 6 213.083
7 5 800.824
7 4 328.054
7 3 526.349
7 2 822.196
7 1 137.606
6 12 573.24
6 11 834.88
6 10 840.444
6 9 720.307
6 8 864.261
6 7 213.083
6 5 969.44
6 4 506.198
6 3 687.898
6 2 807.819
6 1 251.509
5 12 844.414
5 11 176.098
5 10 286.762
5 9 870.881
5 8 358.127
5 7 800.824
5 6 969.44
5 4 472.777
5 3 281.807
5 2 801.844
5 1 717.943
4 12 604.256
4 11 369.767
4 10 348.194
4 9 705.465
4 8 391.85
4 7 328.054
4 6 506.198
4 5 472.777
4 3 202.061
4 2 710.697
4 1 258.647
3 12 630.503
3 11 169.473
3 10 273.496
3 9 694.55
3 8 347.744
3 7 526.349
3 6 687.898
3 5 281.807
3 4 202.061
3 2 662.508
3 1 436.499
2 12 250.207
2 11 635.041
2 10 933.954
2 9 129.967
2 8 1010.1
2 7 822.196
2 6 807.819
2 5 801.844
2 4 710.697
2 3 662.508
2 1 687.234
1 12 499.92
1 11 586.633
1 10 602.377
1 9 634.925
1 8 636.015
1 7 137.606
1 6 251.509
1 5 717.943
1 4 258.647
1 3 436.499
1 2 687.234
