nnodes narcs type
14 182  digraph 
nodename posx posy
14 632.343 37.4421
13 711.77 437.229
12 58.476 206.616
11 681.499 465.524
10 378.404 962.557
9 26.7546 34.013
8 799.084 498.334
7 7.70175 231.565
6 365.655 581.255
5 710.616 566.062
4 186.319 252.917
3 905.257 83.5104
2 738.579 447.17
1 424.245 824.981
tail head weight
14 13 407.601
14 12 598.283
14 11 430.895
14 10 959.334
14 9 605.598
14 8 490.127
14 7 654.11
14 6 605.685
14 5 534.383
14 4 495.345
14 3 276.775
14 2 423.277
14 1 814.569
13 14 407.601
13 12 692.803
13 11 41.4355
13 10 622.175
13 9 794.877
13 8 106.572
13 7 733.492
13 6 374.885
13 5 128.838
13 4 556.839
13 3 403.18
13 2 28.5926
13 1 482.723
12 14 598.283
12 13 692.803
12 11 674.679
12 10 820.854
12 9 175.493
12 8 795.99
12 7 56.5727
12 6 484.472
12 5 744.639
12 4 135.97
12 3 855.683
12 2 721.392
12 1 718.444
11 14 430.895
11 13 41.4355
11 12 674.679
11 10 582.159
11 9 784.151
11 8 122.077
11 7 713.26
11 6 336.38
11 5 104.669
11 4 538.892
11 3 442.721
11 2 59.9578
11 1 442.028
10 14 959.334
10 13 622.175
10 12 820.854
10 11 582.159
10 9 992.901
10 8 626.478
10 7 819.616
10 6 381.515
10 5 517.274
10 4 735.177
10 3 1024.84
10 2 628.768
10 1 145.012
9 14 605.598
9 13 794.877
9 12 175.493
9 11 784.151
9 10 992.901
9 8 901.159
9 7 198.468
9 6 643.682
9 5 866.454
9 4 270.887
9 3 879.896
9 2 823.039
9 1 885.228
8 14 490.127
8 13 106.572
8 12 795.99
8 11 122.077
8 10 626.478
8 9 901.159
8 7 835.136
8 6 441.29
8 5 111.417
8 4 660.084
8 3 428.196
8 2 79.2376
8 1 497.195
7 14 654.11
7 13 733.492
7 12 56.5727
7 11 713.26
7 10 819.616
7 9 198.468
7 8 835.136
7 6 500.414
7 5 778.445
7 4 179.889
7 3 909.684
7 2 762.015
7 1 725.018
6 14 605.685
6 13 374.885
6 12 484.472
6 11 336.38
6 10 381.515
6 9 643.682
6 8 441.29
6 7 500.414
6 5 345.295
6 4 374.121
6 3 734.112
6 2 396.297
6 1 250.669
5 14 534.383
5 13 128.838
5 12 744.639
5 11 104.669
5 10 517.274
5 9 866.454
5 8 111.417
5 7 778.445
5 6 345.295
5 4 610.693
5 3 520.328
5 2 122.136
5 1 386.066
4 14 495.345
4 13 556.839
4 12 135.97
4 11 538.892
4 10 735.177
4 9 270.887
4 8 660.084
4 7 179.889
4 6 374.121
4 5 610.693
4 3 738.628
4 2 585.427
4 1 619.568
3 14 276.775
3 13 403.18
3 12 855.683
3 11 442.721
3 10 1024.84
3 9 879.896
3 8 428.196
3 7 909.684
3 6 734.112
3 5 520.328
3 4 738.628
3 2 400.038
3 1 883.828
2 14 423.277
2 13 28.5926
2 12 721.392
2 11 59.9578
2 10 628.768
2 9 823.039
2 8 79.2376
2 7 762.015
2 6 396.297
2 5 122.136
2 4 585.427
2 3 400.038
2 1 491.474
1 14 814.569
1 13 482.723
1 12 718.444
1 11 442.028
1 10 145.012
1 9 885.228
1 8 497.195
1 7 725.018
1 6 250.669
1 5 386.066
1 4 619.568
1 3 883.828
1 2 491.474
