nnodes narcs type
32 992  digraph 
nodename posx posy
32 284.07 257.499
31 937.188 743.068
30 435.335 384.294
29 352.933 677.727
28 883.442 599.123
27 121.435 903.276
26 77.301 143.235
25 745.544 151.449
24 472.771 198.035
23 270.507 116.19
22 193.275 968.34
21 306.318 325.947
20 719.767 973.081
19 94.5549 722.571
18 60.7413 147.763
17 766.034 954.742
16 156.758 892.847
15 571.349 314.866
14 664.797 506.867
13 386.624 606.857
12 195.914 93.8619
11 143.825 247.823
10 292.196 962.337
9 373.193 783.606
8 219.801 277.338
7 810.712 174.734
6 114.852 687.925
5 974.211 608.595
4 285.716 338.017
3 877.43 872.696
2 983.343 947.48
1 184.046 124.351
tail head weight
32 31 813.843
32 30 197.379
32 29 425.833
32 28 689.894
32 27 665.942
32 26 236.24
32 25 473.503
32 24 197.849
32 23 141.959
32 22 716.616
32 21 71.9729
32 20 837.789
32 19 502.203
32 18 248.832
32 17 847.607
32 16 647.978
32 15 292.952
32 14 455.124
32 13 364.099
32 12 185.872
32 11 140.578
32 10 704.885
32 9 533.602
32 8 67.2613
32 7 533.106
32 6 462.495
32 5 774.315
32 4 80.5348
32 3 854.719
32 2 982.374
32 1 166.533
31 32 813.843
31 30 616.908
31 29 587.898
31 28 153.651
31 27 831.337
31 26 1048.43
31 25 621.884
31 24 716.062
31 23 915.117
31 22 777.274
31 21 756.299
31 20 316.51
31 19 842.883
31 18 1059.5
31 17 272.213
31 16 794.673
31 15 563.201
31 14 360.538
31 13 567.164
31 12 985.371
31 11 935.25
31 10 681.245
31 9 565.451
31 8 855.307
31 7 582.237
31 6 824.183
31 5 139.476
31 4 767.126
31 3 142.74
31 2 209.559
31 1 974.697
30 32 197.379
30 31 616.908
30 29 304.783
30 28 496.942
30 27 606.528
30 26 431.622
30 25 387.874
30 24 189.984
30 23 314.719
30 22 632.221
30 21 141.598
30 20 653.89
30 19 480.169
30 18 443.021
30 17 659.372
30 16 579.855
30 15 152.709
30 14 260.147
30 13 227.831
30 12 376.395
30 11 321.874
30 10 595.502
30 9 404.119
30 8 240.614
30 7 429.91
30 6 441.476
30 5 583.694
30 4 156.613
30 3 658.775
30 2 785.806
30 1 361.548
29 32 425.833
29 31 587.898
29 30 304.783
29 28 536.3
29 27 323.209
29 26 601.377
29 25 656.591
29 24 494.434
29 23 567.554
29 22 331.583
29 21 354.855
29 20 470.958
29 19 262.241
29 18 605.176
29 17 497.383
29 16 291.138
29 15 423.525
29 14 355.601
29 13 78.4703
29 12 604.61
29 11 478.062
29 10 291.019
29 9 107.8
29 8 421.942
29 7 680.12
29 6 238.299
29 5 625.113
29 4 346.296
29 3 559.563
29 2 685.7
29 1 578.573
28 32 689.894
28 31 153.651
28 30 496.942
28 29 536.3
28 27 820.466
28 26 926.119
28 25 468.431
28 24 574.041
28 23 780.329
28 22 782.721
28 21 638.512
28 20 408.209
28 19 798.487
28 18 938.383
28 17 374.499
28 16 783.8
28 15 422.142
28 14 237.312
28 13 496.878
28 12 853.219
28 11 818.807
28 10 693.899
28 9 542.575
28 8 737.54
28 7 430.576
28 6 773.702
28 5 91.2626
28 4 652.267
28 3 273.639
28 2 362.399
28 1 845.318
27 32 665.942
27 31 831.337
27 30 606.528
27 29 323.209
27 28 820.466
27 26 761.321
27 25 977.117
27 24 787.91
27 23 801.079
27 22 96.9243
27 21 606.21
27 20 602.39
27 19 182.694
27 18 757.948
27 17 646.65
27 16 36.8311
27 15 740.709
27 14 672.594
27 13 397.731
27 12 812.834
27 11 655.836
27 10 180.686
27 9 278.753
27 8 633.621
27 7 1002.93
27 6 215.452
27 5 902.256
27 4 588.648
27 3 756.614
27 2 863.041
27 1 781.437
26 32 236.24
26 31 1048.43
26 30 431.622
26 29 601.377
26 28 926.119
26 27 761.321
26 25 668.293
26 24 399.249
26 23 195.09
26 22 833.216
26 21 292.971
26 20 1049.48
26 19 579.593
26 18 17.1674
26 17 1064.38
26 16 753.811
26 15 523.011
26 14 690.926
26 13 557.338
26 12 128.479
26 11 123.952
26 10 846.822
26 9 705.427
26 8 195.677
26 7 734.087
26 6 545.983
26 5 1010.45
26 4 285.266
26 3 1082.74
26 2 1211.5
26 1 108.402
25 32 473.503
25 31 621.884
25 30 387.874
25 29 656.591
25 28 468.431
25 27 977.117
25 26 668.293
25 24 276.723
25 23 476.344
25 22 986.059
25 21 472.62
25 20 822.037
25 19 866.006
25 18 684.813
25 17 803.554
25 16 946.752
25 15 238.849
25 14 364.475
25 13 579.845
25 12 552.639
25 11 609.388
25 10 929.012
25 9 733.668
25 8 540.605
25 7 69.2029
25 6 827.997
25 5 511.147
25 4 496.235
25 3 733.207
25 2 830.791
25 1 562.152
24 32 197.849
24 31 716.062
24 30 189.984
24 29 494.434
24 28 574.041
24 27 787.91
24 26 399.249
24 25 276.723
24 23 218.195
24 22 819.444
24 21 209.924
24 20 813.452
24 19 646.673
24 18 415.085
24 17 811.547
24 16 763.301
24 15 152.864
24 14 363.664
24 13 417.8
24 12 295.807
24 11 332.692
24 10 785.344
24 9 593.978
24 8 265.109
24 7 338.743
24 6 606.711
24 5 648.076
24 4 233.634
24 3 786.713
24 2 906.837
24 1 297.979
23 32 141.959
23 31 915.117
23 30 314.719
23 29 567.554
23 28 780.329
23 27 801.079
23 26 195.09
23 25 476.344
23 24 218.195
23 22 855.643
23 21 212.792
23 20 967.521
23 19 631.393
23 18 212.129
23 17 974.021
23 16 784.943
23 15 360.525
23 14 555.061
23 13 504.22
23 12 77.8631
23 11 182.69
23 10 846.425
23 9 675.27
23 8 168.938
23 7 543.368
23 6 592.545
23 5 858.873
23 4 222.348
23 3 969.875
23 2 1095.07
23 1 86.8458
22 32 716.616
22 31 777.274
22 30 632.221
22 29 331.583
22 28 782.721
22 27 96.9243
22 26 833.216
22 25 986.059
22 24 819.444
22 23 855.643
22 21 652.264
22 20 526.513
22 19 264.855
22 18 831.212
22 17 572.92
22 16 83.8609
22 15 754.963
22 14 659.766
22 13 409.944
22 12 874.482
22 11 722.212
22 10 99.103
22 9 257.87
22 8 691.512
22 7 1005.5
22 6 291.175
22 5 859.813
22 4 637.066
22 3 690.808
22 2 790.344
22 1 844.04
21 32 71.9729
21 31 756.299
21 30 141.598
21 29 354.855
21 28 638.512
21 27 606.21
21 26 292.971
21 25 472.62
21 24 209.924
21 23 212.792
21 22 652.264
21 20 767.934
21 19 449.616
21 18 303.41
21 17 778.923
21 16 586.297
21 15 265.263
21 14 401.546
21 13 292.163
21 12 257.007
21 11 180.298
21 10 636.547
21 9 462.519
21 8 99.2374
21 7 526.573
21 6 409.496
21 5 725.239
21 4 23.8773
21 3 790.636
21 2 919.058
21 1 235.778
20 32 837.789
20 31 316.51
20 30 653.89
20 29 470.958
20 28 408.209
20 27 602.39
20 26 1049.48
20 25 822.037
20 24 813.452
20 23 967.521
20 22 526.513
20 21 767.934
20 19 673.532
20 18 1056.16
20 17 49.7693
20 16 568.696
20 15 674.741
20 14 469.444
20 13 495.08
20 12 1023.45
20 11 926.126
20 10 427.706
20 9 394.987
20 8 856.753
20 7 803.511
20 6 668.756
20 5 444.514
20 4 769.225
20 3 186.909
20 2 264.817
20 1 1003.66
19 32 502.203
19 31 842.883
19 30 480.169
19 29 262.241
19 28 798.487
19 27 182.694
19 26 579.593
19 25 866.006
19 24 646.673
19 23 631.393
19 22 264.855
19 21 449.616
19 20 673.532
19 18 575.802
19 17 710.484
19 16 181.282
19 15 627.34
19 14 609.675
19 13 314.156
19 12 636.827
19 11 477.298
19 10 310.724
19 9 285.244
19 8 462.514
19 7 901.669
19 6 40.1536
19 5 887.01
19 4 429.447
19 3 797.139
19 2 916.803
19 1 604.877
18 32 248.832
18 31 1059.5
18 30 443.021
18 29 605.176
18 28 938.383
18 27 757.948
18 26 17.1674
18 25 684.813
18 24 415.085
18 23 212.129
18 22 831.212
18 21 303.41
18 20 1056.16
18 19 575.802
18 17 1071.75
18 16 751.246
18 15 537.256
18 14 702.737
18 13 562.998
18 12 145.523
18 11 130.057
18 10 846.819
18 9 708.465
18 8 205.157
18 7 750.455
18 6 542.866
18 5 1023.13
18 4 294.636
18 3 1092.02
18 2 1220.96
18 1 125.507
17 32 847.607
17 31 272.213
17 30 659.372
17 29 497.383
17 28 374.499
17 27 646.65
17 26 1064.38
17 25 803.554
17 24 811.547
17 23 974.021
17 22 572.92
17 21 778.923
17 20 49.7693
17 19 710.484
17 18 1071.75
17 16 612.411
17 15 668.837
17 14 459.174
17 13 514.758
17 12 1032.55
17 11 941.742
17 10 473.899
17 9 428.499
17 8 870.199
17 7 781.286
17 6 703.724
17 5 403.925
17 4 781.7
17 3 138.35
17 2 217.431
17 1 1014.03
16 32 647.978
16 31 794.673
16 30 579.855
16 29 291.138
16 28 783.8
16 27 36.8311
16 26 753.811
16 25 946.752
16 24 763.301
16 23 784.943
16 22 83.8609
16 21 586.297
16 20 568.696
16 19 181.282
16 18 751.246
16 17 612.411
16 15 711.3
16 14 638.031
16 13 366.918
16 12 799.944
16 11 645.154
16 10 152.224
16 9 242.44
16 8 618.73
16 7 971.258
16 6 209.163
16 5 865.465
16 4 569.62
16 3 720.953
16 2 828.388
16 1 768.98
15 32 292.952
15 31 563.201
15 30 152.709
15 29 423.525
15 28 422.142
15 27 740.709
15 26 523.011
15 25 238.849
15 24 152.864
15 23 360.525
15 22 754.963
15 21 265.263
15 20 674.741
15 19 627.34
15 18 537.256
15 17 668.837
15 16 711.3
15 14 213.534
15 13 345.517
15 12 435.654
15 11 432.749
15 10 705.085
15 9 508.904
15 8 353.546
15 7 277.365
15 6 589.544
15 5 498.573
15 4 286.57
15 3 636.286
15 2 754.943
15 1 431.625
14 32 455.124
14 31 360.538
14 30 260.147
14 29 355.601
14 28 237.312
14 27 672.594
14 26 690.926
14 25 364.475
14 24 363.664
14 23 555.061
14 22 659.766
14 21 401.546
14 20 469.444
14 19 609.675
14 18 702.737
14 17 459.174
14 16 638.031
14 15 213.534
14 13 295.598
14 12 624.839
14 11 581.821
14 10 588.459
14 9 402.017
14 8 500.705
14 7 362.772
14 6 578.983
14 5 325.709
14 4 414.985
14 3 423.136
14 2 543.702
14 1 614.361
13 32 364.099
13 31 567.164
13 30 227.831
13 29 78.4703
13 28 496.878
13 27 397.731
13 26 557.338
13 25 579.845
13 24 417.8
13 23 504.22
13 22 409.944
13 21 292.163
13 20 495.08
13 19 314.156
13 18 562.998
13 17 514.758
13 16 366.918
13 15 345.517
13 14 295.598
13 12 547.297
13 11 433.424
13 10 367.808
13 9 177.259
13 8 369.341
13 7 605.459
13 6 283.605
13 5 587.59
13 4 287.154
13 3 558.177
13 2 687.094
13 1 523.306
12 32 185.872
12 31 985.371
12 30 376.395
12 29 604.61
12 28 853.219
12 27 812.834
12 26 128.479
12 25 552.639
12 24 295.807
12 23 77.8631
12 22 874.482
12 21 257.007
12 20 1023.45
12 19 636.827
12 18 145.523
12 17 1032.55
12 16 799.944
12 15 435.654
12 14 624.839
12 13 547.297
12 11 162.534
12 10 873.796
12 9 712.162
12 8 185.024
12 7 620.094
12 6 599.568
12 5 933.112
12 4 260.146
12 3 1034.91
12 2 1161.34
12 1 32.7178
11 32 140.578
11 31 935.25
11 30 321.874
11 29 478.062
11 28 818.807
11 27 655.836
11 26 123.952
11 25 609.388
11 24 332.692
11 23 182.69
11 22 722.212
11 21 180.298
11 20 926.126
11 19 477.298
11 18 130.057
11 17 941.742
11 16 645.154
11 15 432.749
11 14 581.821
11 13 433.424
11 12 162.534
11 10 729.756
11 9 582.815
11 8 81.507
11 7 670.88
11 6 441.055
11 5 905.372
11 4 168.131
11 3 963.661
11 2 1092.85
11 1 129.857
10 32 704.885
10 31 681.245
10 30 595.502
10 29 291.019
10 28 693.899
10 27 180.686
10 26 846.822
10 25 929.012
10 24 785.344
10 23 846.425
10 22 99.103
10 21 636.547
10 20 427.706
10 19 310.724
10 18 846.819
10 17 473.899
10 16 152.224
10 15 705.085
10 14 588.459
10 13 367.808
10 12 873.796
10 11 729.756
10 9 196.227
10 8 688.814
10 7 942.962
10 6 326.73
10 5 768.296
10 4 624.353
10 3 592.06
10 2 691.307
10 1 844.936
9 32 533.602
9 31 565.451
9 30 404.119
9 29 107.8
9 28 542.575
9 27 278.753
9 26 705.427
9 25 733.668
9 24 593.978
9 23 675.27
9 22 257.87
9 21 462.519
9 20 394.987
9 19 285.244
9 18 708.465
9 17 428.499
9 16 242.44
9 15 508.904
9 14 402.017
9 13 177.259
9 12 712.162
9 11 582.815
9 10 196.227
9 8 528.996
9 7 749.765
9 6 275.489
9 5 625.981
9 4 454.095
9 3 512.048
9 2 631.774
9 1 685.852
8 32 67.2613
8 31 855.307
8 30 240.614
8 29 421.942
8 28 737.54
8 27 633.621
8 26 195.677
8 25 540.605
8 24 265.109
8 23 168.938
8 22 691.512
8 21 99.2374
8 20 856.753
8 19 462.514
8 18 205.157
8 17 870.199
8 16 618.73
8 15 353.546
8 14 500.705
8 13 369.341
8 12 185.024
8 11 81.507
8 10 688.814
8 9 528.996
8 7 599.753
8 6 423.788
8 5 823.934
8 4 89.5923
8 3 887.09
8 2 1015.92
8 1 157.109
7 32 533.106
7 31 582.237
7 30 429.91
7 29 680.12
7 28 430.576
7 27 1002.93
7 26 734.087
7 25 69.2029
7 24 338.743
7 23 543.368
7 22 1005.5
7 21 526.573
7 20 803.511
7 19 901.669
7 18 750.455
7 17 781.286
7 16 971.258
7 15 277.365
7 14 362.772
7 13 605.459
7 12 620.094
7 11 670.88
7 10 942.962
7 9 749.765
7 8 599.753
7 6 864.63
7 5 463.646
7 4 549.802
7 3 701.144
7 2 791.794
7 1 628.688
6 32 462.495
6 31 824.183
6 30 441.476
6 29 238.299
6 28 773.702
6 27 215.452
6 26 545.983
6 25 827.997
6 24 606.711
6 23 592.545
6 22 291.175
6 21 409.496
6 20 668.756
6 19 40.1536
6 18 542.866
6 17 703.724
6 16 209.163
6 15 589.544
6 14 578.983
6 13 283.605
6 12 599.568
6 11 441.055
6 10 326.73
6 9 275.489
6 8 423.788
6 7 864.63
6 5 863.013
6 4 389.397
6 3 784.643
6 2 906.446
6 1 567.806
5 32 774.315
5 31 139.476
5 30 583.694
5 29 625.113
5 28 91.2626
5 27 902.256
5 26 1010.45
5 25 511.147
5 24 648.076
5 23 858.873
5 22 859.813
5 21 725.239
5 20 444.514
5 19 887.01
5 18 1023.13
5 17 403.925
5 16 865.465
5 15 498.573
5 14 325.709
5 13 587.59
5 12 933.112
5 11 905.372
5 10 768.296
5 9 625.981
5 8 823.934
5 7 463.646
5 6 863.013
5 4 739.756
5 3 281.276
5 2 339.008
5 1 926.744
4 32 80.5348
4 31 767.126
4 30 156.613
4 29 346.296
4 28 652.267
4 27 588.648
4 26 285.266
4 25 496.235
4 24 233.634
4 23 222.348
4 22 637.066
4 21 23.8773
4 20 769.225
4 19 429.447
4 18 294.636
4 17 781.7
4 16 569.62
4 15 286.57
4 14 414.985
4 13 287.154
4 12 260.146
4 11 168.131
4 10 624.353
4 9 454.095
4 8 89.5923
4 7 549.802
4 6 389.397
4 5 739.756
4 3 797.501
4 2 926.353
4 1 236.622
3 32 854.719
3 31 142.74
3 30 658.775
3 29 559.563
3 28 273.639
3 27 756.614
3 26 1082.74
3 25 733.207
3 24 786.713
3 23 969.875
3 22 690.808
3 21 790.636
3 20 186.909
3 19 797.139
3 18 1092.02
3 17 138.35
3 16 720.953
3 15 636.286
3 14 423.136
3 13 558.177
3 12 1034.91
3 11 963.661
3 10 592.06
3 9 512.048
3 8 887.09
3 7 701.144
3 6 784.643
3 5 281.276
3 4 797.501
3 2 129.654
3 1 1020.2
2 32 982.374
2 31 209.559
2 30 785.806
2 29 685.7
2 28 362.399
2 27 863.041
2 26 1211.5
2 25 830.791
2 24 906.837
2 23 1095.07
2 22 790.344
2 21 919.058
2 20 264.817
2 19 916.803
2 18 1220.96
2 17 217.431
2 16 828.388
2 15 754.943
2 14 543.702
2 13 687.094
2 12 1161.34
2 11 1092.85
2 10 691.307
2 9 631.774
2 8 1015.92
2 7 791.794
2 6 906.446
2 5 339.008
2 4 926.353
2 3 129.654
2 1 1147.35
1 32 166.533
1 31 974.697
1 30 361.548
1 29 578.573
1 28 845.318
1 27 781.437
1 26 108.402
1 25 562.152
1 24 297.979
1 23 86.8458
1 22 844.04
1 21 235.778
1 20 1003.66
1 19 604.877
1 18 125.507
1 17 1014.03
1 16 768.98
1 15 431.625
1 14 614.361
1 13 523.306
1 12 32.7178
1 11 129.857
1 10 844.936
1 9 685.852
1 8 157.109
1 7 628.688
1 6 567.806
1 5 926.744
1 4 236.622
1 3 1020.2
1 2 1147.35
