nnodes narcs type
52 2652  digraph 
nodename posx posy
52 622.554 777.737
51 33.5605 580.842
50 417.105 118.831
49 332.831 649.546
48 796.611 650.076
47 666.252 571.585
46 223.022 558.091
45 114.003 215.552
44 706.899 414.061
43 661.035 464.268
42 185.093 184.748
41 7.368 778.003
40 86.3132 675.388
39 160.666 186.743
38 823.169 658.933
37 373.998 619.053
36 580.32 835.865
35 551.458 294.272
34 312.663 486.219
33 467.756 104.603
32 556.503 947.922
31 508.77 620.379
30 518.692 470.097
29 533.78 175.534
28 19.0233 242.819
27 454.181 776.003
26 591.718 551.626
25 207 650.345
24 321.691 710.944
23 635.844 692.93
22 516.153 219.849
21 959.781 883.35
20 854.787 90.1224
19 767.181 783.527
18 281.677 513.413
17 993.338 182.949
16 205.977 564.156
15 976.454 883.47
14 969.127 939.575
13 206.789 973.58
12 464.592 388.845
11 730.866 957.684
10 8.60817 411.122
9 710.733 982.822
8 351.249 546.537
7 403.758 581.895
6 177.051 544.928
5 779.007 751.708
4 711.248 382.787
3 252.065 463.198
2 555.785 377.799
1 152.782 501.668
tail head weight
52 51 621.032
52 50 690.193
52 49 316.816
52 48 215.854
52 47 210.733
52 46 455.928
52 45 758.073
52 44 373.329
52 43 315.823
52 42 736.891
52 41 615.186
52 40 545.921
52 39 750.076
52 38 233.154
52 37 294.891
52 36 71.8513
52 35 488.665
52 34 425.458
52 33 690.704
52 32 182.553
52 31 194.186
52 30 324.7
52 29 608.711
52 28 806.466
52 27 168.382
52 26 228.204
52 25 434.642
52 24 308.188
52 23 85.8415
52 22 567.944
52 21 353.378
52 20 725.773
52 19 144.743
52 18 431.352
52 17 700.895
52 16 468.138
52 15 369.357
52 14 382.498
52 13 459.581
52 12 419.749
52 11 210.03
52 10 715.078
52 9 223.238
52 8 356.455
52 7 293.643
52 6 502.665
52 5 158.604
52 4 404.786
52 3 486.001
52 2 405.473
52 1 544.886
51 52 621.032
51 50 600.467
51 49 307.056
51 48 766.185
51 47 632.759
51 46 190.823
51 45 374.042
51 44 693.686
51 43 638.211
51 42 424.09
51 41 198.893
51 40 108.267
51 39 414.089
51 38 793.461
51 37 342.575
51 36 603.31
51 35 591.895
51 34 294.706
51 33 644.46
51 32 638.918
51 31 476.851
51 30 497.611
51 29 643.812
51 28 338.336
51 27 463.691
51 26 558.922
51 25 186.847
51 24 316.141
51 23 612.625
51 22 602.671
51 21 974.369
51 20 956.671
51 19 761.105
51 18 257.116
51 17 1038.99
51 16 173.222
51 15 990.268
51 14 1001.99
51 13 429.245
51 12 471.859
51 11 792.619
51 10 171.545
51 9 787.496
51 8 319.535
51 7 370.199
51 6 147.917
51 5 764.778
51 4 706.035
51 3 248.162
51 2 560.308
51 1 143.116
50 52 690.193
50 51 600.467
50 49 537.364
50 48 652.875
50 47 516.778
50 46 480.226
50 45 318.16
50 44 413.692
50 43 422.881
50 42 241.194
50 41 776.14
50 40 647.44
50 39 265.279
50 38 675.72
50 37 502.076
50 36 735.375
50 35 220.975
50 34 381.945
50 33 52.611
50 32 840.728
50 31 509.856
50 30 365.66
50 29 129.724
50 28 416.944
50 27 658.217
50 26 466.692
50 25 571.534
50 24 599.751
50 23 614.359
50 22 141.474
50 21 937.542
50 20 438.622
50 19 751.248
50 18 417.176
50 17 579.79
50 16 492.838
50 15 947.388
50 14 989.116
50 13 880.243
50 12 274.158
50 11 895.612
50 10 502.298
50 9 912.523
50 8 432.746
50 7 463.256
50 6 489.065
50 5 729.045
50 4 395.212
50 3 381.873
50 2 293.763
50 1 465.221
49 52 316.816
49 51 307.056
49 50 537.364
49 48 463.779
49 47 342.414
49 46 142.906
49 45 486.041
49 44 442.018
49 43 376.889
49 42 487.713
49 41 349.897
49 40 247.869
49 39 493.789
49 38 490.427
49 37 51.2298
49 36 309.783
49 35 417.154
49 34 164.567
49 33 561.398
49 32 372.903
49 31 178.339
49 30 258.353
49 29 514.847
49 28 513.715
49 27 175.263
49 26 276.786
49 25 125.834
49 24 62.4003
49 23 306.102
49 22 467.169
49 21 669.126
49 20 765.109
49 19 454.544
49 18 145.427
49 17 808.692
49 16 152.916
49 15 684.814
49 14 699.278
49 13 347.684
49 12 292.106
49 11 503.369
49 10 402.451
49 9 503.867
49 8 104.643
49 7 98.0165
49 6 187.649
49 5 457.723
49 4 462.989
49 3 203.098
49 2 351.504
49 1 232.993
48 52 215.854
48 51 766.185
48 50 652.875
48 49 463.779
48 47 152.166
48 46 580.917
48 45 809.175
48 44 252.49
48 43 230.013
48 42 768.43
48 41 799.543
48 40 710.748
48 39 786.831
48 38 27.996
48 37 423.75
48 36 285.13
48 35 432.085
48 34 510.935
48 33 636.935
48 32 382.575
48 31 289.369
48 30 331.107
48 29 542.467
48 28 877.782
48 27 364.85
48 26 227.318
48 25 589.611
48 24 478.805
48 23 166.381
48 22 513.568
48 21 284.677
48 20 562.968
48 19 136.657
48 18 532.76
48 17 506.863
48 16 596.85
48 15 294.646
48 14 337.004
48 13 672.713
48 12 422.467
48 11 314.555
48 10 823.436
48 9 343.649
48 8 457.239
48 7 398.726
48 6 628.418
48 5 103.145
48 4 280.589
48 3 575.72
48 2 363.5
48 1 660.712
47 52 210.733
47 51 632.759
47 50 516.778
47 49 342.414
47 48 152.166
47 46 443.435
47 45 657.067
47 44 162.683
47 43 107.444
47 42 617.379
47 41 690.461
47 40 589.155
47 39 635.389
47 38 179.59
47 37 296.084
47 36 277.9
47 35 300.134
47 34 363.747
47 33 507.417
47 32 392.013
47 31 164.868
47 30 179.091
47 29 417.618
47 28 725.942
47 27 294.552
47 26 77.1594
47 25 465.957
47 24 371.677
47 23 125.098
47 22 382.424
47 21 428.202
47 20 517.06
47 19 234.747
47 18 388.95
47 17 507.96
47 16 460.334
47 15 439.884
47 14 476.603
47 13 610.496
47 12 272.141
47 11 391.469
47 10 676.937
47 9 413.636
47 8 315.997
47 7 262.697
47 6 489.926
47 5 212.505
47 4 194.085
47 3 428.134
47 2 223.06
47 1 518.208
46 52 455.928
46 51 190.823
46 50 480.226
46 49 142.906
46 48 580.917
46 47 443.435
46 45 359.469
46 44 504.858
46 43 447.948
46 42 375.265
46 41 308.007
46 40 180.133
46 39 376.546
46 38 608.56
46 37 162.819
46 36 452.57
46 35 421.272
46 34 114.896
46 33 515.311
46 32 513.008
46 31 292.457
46 30 308.486
46 29 492.869
46 28 375.516
46 27 317.679
46 26 368.753
46 25 93.6352
46 24 181.933
46 23 434.285
46 22 447.586
46 21 805.361
46 20 786.207
46 19 589.008
46 18 73.7328
46 17 856.807
46 16 18.0919
46 15 820.689
46 14 837.976
46 13 415.806
46 12 294.958
46 11 646.204
46 10 259.949
46 9 646.729
46 8 128.746
46 7 182.296
46 6 47.8181
46 5 588.733
46 4 518.744
46 3 99.2379
46 2 378.466
46 1 90.0961
45 52 758.073
45 51 374.042
45 50 318.16
45 49 486.041
45 48 809.175
45 47 657.067
45 46 359.469
45 44 625.245
45 43 600.918
45 42 77.4768
45 41 572.47
45 40 460.669
45 39 54.8396
45 38 836.362
45 37 480.011
45 36 776.04
45 35 444.48
45 34 335.747
45 33 370.743
45 32 855.67
45 31 565.442
45 30 478.085
45 29 421.68
45 28 98.8164
45 27 655.611
45 26 584.087
45 25 444.627
45 24 537.165
45 23 707.253
45 22 402.173
45 21 1077.63
45 20 751.327
45 19 865.584
45 18 341.811
45 17 879.939
45 16 360.533
45 15 1090.84
45 14 1120.47
45 13 763.685
45 12 391.079
45 11 965.028
45 10 222.161
45 9 972.002
45 8 407.23
45 7 467.08
45 6 335.356
45 5 854.221
45 4 620.216
45 3 283.53
45 2 470.632
45 1 288.731
44 52 373.329
44 51 693.686
44 50 413.692
44 49 442.018
44 48 252.49
44 47 162.683
44 46 504.858
44 45 625.245
44 43 68.0017
44 42 569.97
44 41 788.542
44 40 673.364
44 39 591.645
44 38 271.073
44 37 390.954
44 36 440.387
44 35 196.244
44 34 400.785
44 33 391.093
44 32 554.641
44 31 286.046
44 30 196.372
44 29 294.729
44 28 708.87
44 27 441.439
44 26 179.418
44 25 552.928
44 24 486.338
44 23 287.779
44 22 272.218
44 21 533.086
44 20 356.1
44 19 374.351
44 18 436.675
44 17 368.049
44 16 522.926
44 15 541.299
44 14 587.306
44 13 750.447
44 12 243.616
44 11 544.151
44 10 698.297
44 9 568.774
44 8 379.522
44 7 346.501
44 6 545.77
44 5 345.261
44 4 31.575
44 3 457.481
44 2 155.404
44 1 561
43 52 315.823
43 51 638.211
43 50 422.881
43 49 376.889
43 48 230.013
43 47 107.444
43 46 447.948
43 45 600.918
43 44 68.0017
43 42 551.953
43 41 725.059
43 40 612.272
43 39 572.178
43 38 253.342
43 37 326.111
43 36 380.263
43 35 202.252
43 34 349.062
43 33 408.308
43 32 494.822
43 31 218.072
43 30 142.462
43 29 315.532
43 28 679.13
43 27 374.123
43 26 111.518
43 25 490.686
43 24 419.528
43 23 230.046
43 22 284.133
43 21 514.664
43 20 421.336
43 19 336.442
43 18 382.528
43 17 435.392
43 16 465.892
43 15 524.614
43 14 566.426
43 13 682.45
43 12 210.424
43 11 498.334
43 10 654.587
43 9 520.931
43 8 320.524
43 7 282.892
43 6 490.659
43 5 310.708
43 4 95.71
43 3 408.971
43 2 136.214
43 1 509.627
42 52 736.891
42 51 424.09
42 50 241.194
42 49 487.713
42 48 768.43
42 47 617.379
42 46 375.265
42 45 77.4768
42 44 569.97
42 43 551.953
42 41 619.305
42 40 500.485
42 39 24.5082
42 38 794.979
42 37 473.61
42 36 761.681
42 35 382.385
42 34 327.352
42 33 293.805
42 32 848.752
42 31 542.716
42 30 438.99
42 29 348.809
42 28 175.93
42 27 649.608
42 26 547.671
42 25 466.112
42 24 543.637
42 23 679.283
42 22 332.915
42 21 1043.16
42 20 676.346
42 19 835.082
42 18 342.562
42 17 808.247
42 16 379.983
42 15 1055.68
42 14 1088.34
42 13 789.13
42 12 346.085
42 11 946.202
42 10 287.04
42 9 955.625
42 8 398.119
42 7 453.365
42 6 360.27
42 5 821.083
42 4 562.191
42 3 286.391
42 2 417.949
42 1 318.563
41 52 615.186
41 51 198.893
41 50 776.14
41 49 349.897
41 48 799.543
41 47 690.461
41 46 308.007
41 45 572.47
41 44 788.542
41 43 725.059
41 42 619.305
41 40 129.469
41 39 610.81
41 38 824.445
41 37 399.603
41 36 575.866
41 35 728.031
41 34 422.307
41 33 815.736
41 32 574.823
41 31 525.594
41 30 596.874
41 29 800.049
41 28 535.312
41 27 446.817
41 26 626.667
41 25 236.959
41 24 321.396
41 23 634.207
41 22 755.248
41 21 958.221
41 20 1091.47
41 19 759.833
41 18 381.122
41 17 1151.62
41 16 291.85
41 15 974.808
41 14 975.237
41 13 279.319
41 12 600.415
41 11 745.476
41 10 366.884
41 9 732.579
41 8 414.525
41 7 442.248
41 6 288.299
41 5 772.087
41 4 807.244
41 3 398.722
41 2 678.914
41 1 312.26
40 52 545.921
40 51 108.267
40 50 647.44
40 49 247.869
40 48 710.748
40 47 589.155
40 46 180.133
40 45 460.669
40 44 673.364
40 43 612.272
40 42 500.485
40 41 129.469
40 39 494.269
40 38 737.039
40 37 293.149
40 36 519.418
40 35 601.339
40 34 294.99
40 33 686.508
40 32 543.464
40 31 426.023
40 30 478.64
40 29 670.88
40 28 437.772
40 27 381.379
40 26 520.338
40 25 123.257
40 24 238.048
40 23 549.81
40 22 626.321
40 21 897.883
40 20 965.965
40 19 689.402
40 18 253.777
40 17 1032.08
40 16 163.377
40 15 914.138
40 14 921.497
40 13 321.61
40 12 474.554
40 11 703.661
40 10 275.454
40 9 695.999
40 8 294.607
40 7 330.926
40 6 158.913
40 5 696.886
40 4 690.042
40 3 269.255
40 2 555.844
40 1 186.002
39 52 750.076
39 51 414.089
39 50 265.279
39 49 493.789
39 48 786.831
39 47 635.389
39 46 376.546
39 45 54.8396
39 44 591.645
39 43 572.178
39 42 24.5082
39 41 610.81
39 40 494.269
39 38 813.556
39 37 482.081
39 36 772.961
39 35 405.315
39 34 335.841
39 33 317.885
39 32 857.951
39 31 556.072
39 30 456.587
39 29 373.282
39 28 152.339
39 27 658.314
39 26 564.753
39 25 465.911
39 24 548.375
39 23 694.276
39 22 357.025
39 21 1060.12
39 20 700.813
39 19 850.888
39 18 348.362
39 17 832.681
39 16 380.123
39 15 1072.82
39 14 1104.7
39 13 788.187
39 12 364.987
39 11 958.894
39 10 271.049
39 9 967.633
39 8 407.152
39 7 463.937
39 6 358.559
39 5 837.574
39 4 584.443
39 3 291.172
39 2 438.886
39 1 315.023
38 52 233.154
38 51 793.461
38 50 675.72
38 49 490.427
38 48 27.996
38 47 179.59
38 46 608.56
38 45 836.362
38 44 271.073
38 43 253.342
38 42 794.979
38 41 824.445
38 40 737.039
38 39 813.556
38 37 450.938
38 36 300.468
38 35 454.758
38 34 538.93
38 33 658.483
38 32 393.224
38 31 316.754
38 30 358.281
38 29 563.4
38 28 905.429
38 27 387.115
38 26 255.116
38 25 616.229
38 24 504.168
38 23 190.385
38 22 535.774
38 21 262.728
38 20 569.688
38 19 136.595
38 18 560.705
38 17 505.488
38 16 624.426
38 15 271.87
38 14 316.329
38 13 692.045
38 12 448.915
38 11 312.686
38 10 851.422
38 9 342.85
38 8 485.12
38 7 426.428
38 6 656.098
38 5 102.75
38 4 297.964
38 3 603.715
38 2 387.983
38 1 688.587
37 52 294.891
37 51 342.575
37 50 502.076
37 49 51.2298
37 48 423.75
37 47 296.084
37 46 162.819
37 45 480.011
37 44 390.954
37 43 326.111
37 42 473.61
37 41 399.603
37 40 293.149
37 39 482.081
37 38 450.938
37 36 299.292
37 35 370.101
37 34 146.311
37 33 522.924
37 32 376.115
37 31 134.778
37 30 207.664
37 29 471.423
37 28 517.262
37 27 176.245
37 26 227.922
37 25 169.905
37 24 105.735
37 23 272.068
37 22 423.76
37 21 642.646
37 20 714.791
37 19 426.197
37 18 140.297
37 17 757.476
37 16 176.762
37 15 657.928
37 14 675.953
37 13 391.979
37 12 247.393
37 11 491.961
37 10 420.411
37 9 495.699
37 8 76.0013
37 7 47.6067
37 6 210.434
37 5 426.18
37 4 411.775
37 3 197.885
37 2 302.077
37 1 250.432
36 52 71.8513
36 51 603.31
36 50 735.375
36 49 309.783
36 48 285.13
36 47 277.9
36 46 452.57
36 45 776.04
36 44 440.387
36 43 380.263
36 42 761.681
36 41 575.866
36 40 519.418
36 39 772.961
36 38 300.468
36 37 299.292
36 35 542.362
36 34 440.332
36 33 739.875
36 32 114.56
36 31 227.054
36 30 370.924
36 29 661.969
36 28 816.552
36 27 139.623
36 26 284.467
36 25 416.876
36 24 287.218
36 23 153.34
36 22 619.349
36 21 382.42
36 20 794.647
36 19 194.053
36 18 439.503
36 17 772.583
36 16 462.556
36 15 398.984
36 14 402.402
36 13 398.108
36 12 461.757
36 11 193.66
36 10 712.223
36 9 196.479
36 8 369.032
36 7 309.314
36 6 497.262
36 5 215.775
36 4 471.616
36 3 496.621
36 2 458.723
36 1 542.657
35 52 488.665
35 51 591.895
35 50 220.975
35 49 417.154
35 48 432.085
35 47 300.134
35 46 421.272
35 45 444.48
35 44 196.244
35 43 202.252
35 42 382.385
35 41 728.031
35 40 601.339
35 39 405.315
35 38 454.758
35 37 370.101
35 36 542.362
35 34 306.377
35 33 207.316
35 32 653.67
35 31 328.89
35 30 178.852
35 29 120.046
35 28 534.915
35 27 491.455
35 26 260.485
35 25 495.418
35 24 475.824
35 23 407.492
35 22 82.3724
35 21 716.757
35 20 365.63
35 19 534.703
35 18 347.569
35 17 455.688
35 16 438.4
35 15 726.482
35 14 768.677
35 13 761.745
35 12 128.412
35 11 687.243
35 10 555.283
35 9 706.732
35 8 322.058
35 7 323.33
35 6 450.565
35 5 510.908
35 4 182.669
35 3 343.762
35 2 83.6392
35 1 449.395
34 52 425.458
34 51 294.706
34 50 381.945
34 49 164.567
34 48 510.935
34 47 363.747
34 46 114.896
34 45 335.747
34 44 400.785
34 43 349.062
34 42 327.352
34 41 422.307
34 40 294.99
34 39 335.841
34 38 538.93
34 37 146.311
34 36 440.332
34 35 306.377
34 33 411.928
34 32 522.137
34 31 237.606
34 30 206.659
34 29 381.337
34 28 381.403
34 27 322.493
34 26 286.618
34 25 195.198
34 24 224.906
34 23 383.634
34 22 335.204
34 21 759.259
34 20 671.409
34 19 543.119
34 18 41.2266
34 17 745.179
34 16 132.121
34 15 773.58
34 14 797.795
34 13 498.728
34 12 180.455
34 11 630.216
34 10 313.192
34 9 636.454
34 8 71.6034
34 7 132.106
34 6 147.774
34 5 536.62
34 4 411.786
34 3 64.8238
34 2 266.201
34 1 160.626
33 52 690.704
33 51 644.46
33 50 52.611
33 49 561.398
33 48 636.935
33 47 507.417
33 46 515.311
33 45 370.743
33 44 391.093
33 43 408.308
33 42 293.805
33 41 815.736
33 40 686.508
33 39 317.885
33 38 658.483
33 37 522.924
33 36 739.875
33 35 207.316
33 34 411.928
33 32 847.975
33 31 517.404
33 30 369.025
33 29 96.9042
33 28 469.536
33 27 671.537
33 26 463.893
33 25 604.837
33 24 623.686
33 23 611.868
33 22 124.995
33 21 921.16
33 20 387.302
33 19 742.019
33 18 449.166
33 17 531.39
33 16 528.883
33 15 930.272
33 14 973.936
33 13 907.317
33 12 284.259
33 11 892.734
33 10 552.06
33 9 911.211
33 8 457.033
33 7 481.563
33 6 527.631
33 5 718.068
33 4 369.695
33 3 418.465
33 2 287.028
33 1 506.822
32 52 182.553
32 51 638.918
32 50 840.728
32 49 372.903
32 48 382.575
32 47 392.013
32 46 513.008
32 45 855.67
32 44 554.641
32 43 494.822
32 42 848.752
32 41 574.823
32 40 543.464
32 39 857.951
32 38 393.224
32 37 376.115
32 36 114.56
32 35 653.67
32 34 522.137
32 33 847.975
32 31 331.002
32 30 479.319
32 29 772.722
32 28 886.597
32 27 200.065
32 26 397.857
32 25 459.025
32 24 333.61
32 23 267.05
32 22 729.19
32 21 408.415
32 20 908.181
32 19 267.229
32 18 514.128
32 17 880.914
32 16 519.754
32 15 424.868
32 14 412.709
32 13 350.653
32 12 566.581
32 11 174.636
32 10 767.035
32 9 158.129
32 8 450.821
32 7 396.619
32 6 553.523
32 5 296.661
32 4 585.938
32 3 572.398
32 2 570.123
32 1 601.775
31 52 194.186
31 51 476.851
31 50 509.856
31 49 178.339
31 48 289.369
31 47 164.868
31 46 292.457
31 45 565.442
31 44 286.046
31 43 218.072
31 42 542.716
31 41 525.594
31 40 426.023
31 39 556.072
31 38 316.754
31 37 134.778
31 36 227.054
31 35 328.89
31 34 237.606
31 33 517.404
31 32 331.002
31 30 150.61
31 29 445.548
31 28 618.388
31 27 164.92
31 26 107.738
31 25 303.254
31 24 207.847
31 23 146.327
31 22 400.599
31 21 522.077
31 20 633.167
31 19 305.604
31 18 251.024
31 17 652.804
31 16 307.968
31 15 536.605
31 14 560.192
31 13 464.696
31 12 235.711
31 11 403.858
31 10 542.172
31 9 414.914
31 8 173.97
31 7 111.842
31 6 340.191
31 5 300.459
31 4 312.166
31 3 301.004
31 2 247.095
31 1 375.26
30 52 324.7
30 51 497.611
30 50 365.66
30 49 258.353
30 48 331.107
30 47 179.091
30 46 308.486
30 45 478.085
30 44 196.372
30 43 142.462
30 42 438.99
30 41 596.874
30 40 478.64
30 39 456.587
30 38 358.281
30 37 207.664
30 36 370.924
30 35 178.852
30 34 206.659
30 33 369.025
30 32 479.319
30 31 150.61
30 29 294.948
30 28 548.93
30 27 312.635
30 26 109.453
30 25 360.058
30 24 311.154
30 23 251.753
30 22 250.261
30 21 604.432
30 20 507.287
30 19 399.982
30 18 240.941
30 17 554.746
30 16 326.554
30 15 616.785
30 14 650.617
30 13 592.266
30 12 97.6147
30 11 531.751
30 10 513.482
30 9 547.51
30 8 184.066
30 7 160.339
30 6 349.74
30 5 383.496
30 4 211.425
30 3 266.716
30 2 99.4724
30 1 367.27
29 52 608.711
29 51 643.812
29 50 129.724
29 49 514.847
29 48 542.467
29 47 417.618
29 46 492.869
29 45 421.68
29 44 294.729
29 43 315.532
29 42 348.809
29 41 800.049
29 40 670.88
29 39 373.282
29 38 563.4
29 37 471.423
29 36 661.969
29 35 120.046
29 34 381.337
29 33 96.9042
29 32 772.722
29 31 445.548
29 30 294.948
29 28 519.136
29 27 605.722
29 26 380.529
29 25 576.395
29 24 575.887
29 23 527.367
29 22 47.6915
29 21 826.123
29 20 332.175
29 19 651.253
29 18 421.566
29 17 459.618
29 16 508.411
29 15 834.945
29 14 879.367
29 13 862.438
29 12 224.251
29 11 806.599
29 10 575.593
29 9 826.454
29 8 413.474
29 7 426.655
29 6 513.524
29 5 626.189
29 4 272.852
29 3 402.634
29 2 203.458
29 1 501.521
28 52 806.466
28 51 338.336
28 50 416.944
28 49 513.715
28 48 877.782
28 47 725.942
28 46 375.516
28 45 98.8164
28 44 708.87
28 43 679.13
28 42 175.93
28 41 535.312
28 40 437.772
28 39 152.339
28 38 905.429
28 37 517.262
28 36 816.552
28 35 534.915
28 34 381.403
28 33 469.536
28 32 886.597
28 31 618.388
28 30 548.93
28 29 519.136
28 27 688.221
28 26 650.647
28 25 448.79
28 24 557.448
28 23 763.589
28 22 497.66
28 21 1138.11
28 20 849.598
28 19 923.095
28 18 377.105
28 17 976.153
28 16 371.766
28 15 1152
28 14 1178.21
28 13 754.499
28 12 468.887
28 11 1008.84
28 10 168.625
28 9 1012.95
28 8 450.132
28 7 512.828
28 6 340.944
28 5 914.628
28 4 706.234
28 3 320.742
28 2 553.473
28 1 291.366
27 52 168.382
27 51 463.691
27 50 658.217
27 49 175.263
27 48 364.85
27 47 294.552
27 46 317.679
27 45 655.611
27 44 441.439
27 43 374.123
27 42 649.608
27 41 446.817
27 40 381.379
27 39 658.314
27 38 387.115
27 37 176.245
27 36 139.623
27 35 491.455
27 34 322.493
27 33 671.537
27 32 200.065
27 31 164.92
27 30 312.635
27 29 605.722
27 28 688.221
27 26 263.176
27 25 277.288
27 24 147.602
27 23 199.756
27 22 559.597
27 21 516.87
27 20 794.303
27 19 313.091
27 18 314.184
27 17 801.502
27 16 326.319
27 15 533.215
27 14 540.302
27 13 316.605
27 12 387.298
27 11 331.003
27 10 575.911
27 9 329.534
27 8 251.495
27 7 200.551
27 6 360.827
27 5 325.734
27 4 469.79
27 3 372.422
27 2 410.962
27 1 407.555
26 52 228.204
26 51 558.922
26 50 466.692
26 49 276.786
26 48 227.318
26 47 77.1594
26 46 368.753
26 45 584.087
26 44 179.418
26 43 111.518
26 42 547.671
26 41 626.667
26 40 520.338
26 39 564.753
26 38 255.116
26 37 227.922
26 36 284.467
26 35 260.485
26 34 286.618
26 33 463.893
26 32 397.857
26 31 107.738
26 30 109.453
26 29 380.529
26 28 650.647
26 27 263.176
26 25 397.182
26 24 313.523
26 23 148.033
26 22 340.274
26 21 495.49
26 20 531.216
26 19 290.8
26 18 312.388
26 17 545.181
26 16 385.944
26 15 508.076
26 14 541.241
26 13 571.152
26 12 206.54
26 11 429.238
26 10 599.799
26 9 447.319
26 8 240.523
26 7 190.382
26 6 414.721
26 5 274.062
26 4 206.867
26 3 350.976
26 2 177.503
26 1 441.771
25 52 434.642
25 51 186.847
25 50 571.534
25 49 125.834
25 48 589.611
25 47 465.957
25 46 93.6352
25 45 444.627
25 44 552.928
25 43 490.686
25 42 466.112
25 41 236.959
25 40 123.257
25 39 465.911
25 38 616.229
25 37 169.905
25 36 416.876
25 35 495.418
25 34 195.198
25 33 604.837
25 32 459.025
25 31 303.254
25 30 360.058
25 29 576.395
25 28 448.79
25 27 277.288
25 26 397.182
25 24 129.716
25 23 430.953
25 22 530.003
25 21 788.017
25 20 856.433
25 19 575.796
25 18 155.972
25 17 914.761
25 16 86.195
25 15 803.994
25 14 815.164
25 13 323.235
25 12 367.064
25 11 607.366
25 10 310.784
25 9 603.563
25 8 177.719
25 7 208.325
25 6 109.588
25 5 580.919
25 4 570.836
25 3 192.497
25 2 442.643
25 1 158.255
24 52 308.188
24 51 316.141
24 50 599.751
24 49 62.4003
24 48 478.805
24 47 371.677
24 46 181.933
24 45 537.165
24 44 486.338
24 43 419.528
24 42 543.637
24 41 321.396
24 40 238.048
24 39 548.375
24 38 504.168
24 37 105.735
24 36 287.218
24 35 475.824
24 34 224.906
24 33 623.686
24 32 333.61
24 31 207.847
24 30 311.154
24 29 575.887
24 28 557.448
24 27 147.602
24 26 313.523
24 25 129.716
24 23 314.669
24 22 528.195
24 21 660.971
24 20 818.297
24 19 451.365
24 18 201.543
24 17 854.336
24 16 186.912
24 15 677.111
24 14 686.62
24 13 286.671
24 12 352.375
24 11 477.813
24 10 433.49
24 9 474.628
24 8 167.043
24 7 152.934
24 6 220.186
24 5 459.13
24 4 509.354
24 3 257.344
24 2 407.168
24 1 268.936
23 52 85.8415
23 51 612.625
23 50 614.359
23 49 306.102
23 48 166.381
23 47 125.098
23 46 434.285
23 45 707.253
23 44 287.779
23 43 230.046
23 42 679.283
23 41 634.207
23 40 549.81
23 39 694.276
23 38 190.385
23 37 272.068
23 36 153.34
23 35 407.492
23 34 383.634
23 33 611.868
23 32 267.05
23 31 146.327
23 30 251.753
23 29 527.367
23 28 763.589
23 27 199.756
23 26 148.033
23 25 430.953
23 24 314.669
23 22 487.988
23 21 375.759
23 20 641.337
23 19 159.553
23 18 397.065
23 17 622.803
23 16 448.74
23 15 390.283
23 14 414.622
23 13 512.691
23 12 348.992
23 11 281.29
23 10 687.634
23 9 299.409
23 8 320.04
23 7 257.28
23 6 482.074
23 5 154.76
23 4 319.178
23 3 447.284
23 2 325.142
23 1 519.548
22 52 567.944
22 51 602.671
22 50 141.474
22 49 467.169
22 48 513.568
22 47 382.424
22 46 447.586
22 45 402.173
22 44 272.218
22 43 284.133
22 42 332.915
22 41 755.248
22 40 626.321
22 39 357.025
22 38 535.774
22 37 423.76
22 36 619.349
22 35 82.3724
22 34 335.204
22 33 124.995
22 32 729.19
22 31 400.599
22 30 250.261
22 29 47.6915
22 28 497.66
22 27 559.597
22 26 340.274
22 25 530.003
22 24 528.195
22 23 487.988
22 21 798.148
22 20 362.632
22 19 617.048
22 18 375.711
22 17 478.61
22 16 463.418
22 15 807.632
22 14 850.407
22 13 814.749
22 12 176.687
22 11 768.442
22 10 542.39
22 9 787.394
22 8 365.949
22 7 379.091
22 6 469.752
22 5 593.268
22 4 254.187
22 3 359.112
22 2 162.846
22 1 459.849
21 52 353.378
21 51 974.369
21 50 937.542
21 49 669.126
21 48 284.677
21 47 428.202
21 46 805.361
21 45 1077.63
21 44 533.086
21 43 514.664
21 42 1043.16
21 41 958.221
21 40 897.883
21 39 1060.12
21 38 262.728
21 37 642.646
21 36 382.42
21 35 716.757
21 34 759.259
21 33 921.16
21 32 408.415
21 31 522.077
21 30 604.432
21 29 826.123
21 28 1138.11
21 27 516.87
21 26 495.49
21 25 788.017
21 24 660.971
21 23 375.759
21 22 798.148
21 20 800.146
21 19 216.932
21 18 772.45
21 17 701.205
21 16 818.599
21 15 16.6735
21 14 56.9968
21 13 758.378
21 12 699.819
21 11 240.681
21 10 1061.95
21 9 268.178
21 8 695.524
21 7 632.485
21 6 852.757
21 5 223.626
21 4 558.867
21 3 823.037
21 2 647.143
21 1 892.709
20 52 725.773
20 51 956.671
20 50 438.622
20 49 765.109
20 48 562.968
20 47 517.06
20 46 786.207
20 45 751.327
20 44 356.1
20 43 421.336
20 42 676.346
20 41 1091.47
20 40 965.965
20 39 700.813
20 38 569.688
20 37 714.791
20 36 794.647
20 35 365.63
20 34 671.409
20 33 387.302
20 32 908.181
20 31 633.167
20 30 507.287
20 29 332.175
20 28 849.598
20 27 794.303
20 26 531.216
20 25 856.433
20 24 818.297
20 23 641.337
20 22 362.632
20 21 800.146
20 19 698.916
20 18 712.481
20 17 166.773
20 16 803.531
20 15 802.623
20 14 857.114
20 13 1095.63
20 12 491.414
20 11 876.368
20 10 905.019
20 9 904.248
20 8 679.606
20 7 667.283
20 6 816.194
20 5 665.912
20 4 325.969
20 3 708.843
20 2 414.921
20 1 813.745
19 52 144.743
19 51 761.105
19 50 751.248
19 49 454.544
19 48 136.657
19 47 234.747
19 46 589.008
19 45 865.584
19 44 374.351
19 43 336.442
19 42 835.082
19 41 759.833
19 40 689.402
19 39 850.888
19 38 136.595
19 37 426.197
19 36 194.053
19 35 534.703
19 34 543.119
19 33 742.019
19 32 267.229
19 31 305.604
19 30 399.982
19 29 651.253
19 28 923.095
19 27 313.091
19 26 290.8
19 25 575.796
19 24 451.365
19 23 159.553
19 22 617.048
19 21 216.932
19 20 698.916
19 18 555.586
19 17 641.748
19 16 602.555
19 15 231.913
19 14 255.213
19 13 591.742
19 12 497.327
19 11 177.904
19 10 845.055
19 9 207.136
19 8 478.711
19 7 415.611
19 6 636.539
19 5 33.9449
19 4 404.624
19 3 606.593
19 2 457.497
19 1 675.967
18 52 431.352
18 51 257.116
18 50 417.176
18 49 145.427
18 48 532.76
18 47 388.95
18 46 73.7328
18 45 341.811
18 44 436.675
18 43 382.528
18 42 342.562
18 41 381.122
18 40 253.777
18 39 348.362
18 38 560.705
18 37 140.297
18 36 439.503
18 35 347.569
18 34 41.2266
18 33 449.166
18 32 514.128
18 31 251.024
18 30 240.941
18 29 421.566
18 28 377.105
18 27 314.184
18 26 312.388
18 25 155.972
18 24 201.543
18 23 397.065
18 22 375.711
18 21 772.45
18 20 712.481
18 19 555.586
18 17 784.645
18 16 91.1336
18 15 787.183
18 14 808.828
18 13 466.221
18 12 221.303
18 11 631.782
18 10 291.599
18 9 635.951
18 8 77.0549
18 7 139.977
18 6 109.269
18 5 551.473
18 4 448.992
18 3 58.2956
18 2 305.821
18 1 129.429
17 52 700.895
17 51 1038.99
17 50 579.79
17 49 808.692
17 48 506.863
17 47 507.96
17 46 856.807
17 45 879.939
17 44 368.049
17 43 435.392
17 42 808.247
17 41 1151.62
17 40 1032.08
17 39 832.681
17 38 505.488
17 37 757.476
17 36 772.583
17 35 455.688
17 34 745.179
17 33 531.39
17 32 880.914
17 31 652.804
17 30 554.746
17 29 459.618
17 28 976.153
17 27 801.502
17 26 545.181
17 25 914.761
17 24 854.336
17 23 622.803
17 22 478.61
17 21 701.205
17 20 166.773
17 19 641.748
17 18 784.645
17 16 874.789
17 15 700.725
17 14 757.014
17 13 1115.24
17 12 567.421
17 11 817.99
17 10 1010.82
17 9 848.33
17 8 737.886
17 7 711.873
17 6 892.947
17 5 607.804
17 4 345.703
17 3 792.481
17 2 478.978
17 1 898.954
16 52 468.138
16 51 173.222
16 50 492.838
16 49 152.916
16 48 596.85
16 47 460.334
16 46 18.0919
16 45 360.533
16 44 522.926
16 43 465.892
16 42 379.983
16 41 291.85
16 40 163.377
16 39 380.123
16 38 624.426
16 37 176.762
16 36 462.556
16 35 438.4
16 34 132.121
16 33 528.883
16 32 519.754
16 31 307.968
16 30 326.554
16 29 508.411
16 28 371.766
16 27 326.319
16 26 385.944
16 25 86.195
16 24 186.912
16 23 448.74
16 22 463.418
16 21 818.599
16 20 803.531
16 19 602.555
16 18 91.1336
16 17 874.789
16 15 834.023
16 14 850.493
16 13 409.425
16 12 312.435
16 11 656.028
16 10 249.748
16 9 655.789
16 8 146.336
16 7 198.574
16 6 34.7336
16 5 602.942
16 4 536.836
16 3 110.98
16 2 396.351
16 1 82.0645
15 52 369.357
15 51 990.268
15 50 947.388
15 49 684.814
15 48 294.646
15 47 439.884
15 46 820.689
15 45 1090.84
15 44 541.299
15 43 524.614
15 42 1055.68
15 41 974.808
15 40 914.138
15 39 1072.82
15 38 271.87
15 37 657.928
15 36 398.984
15 35 726.482
15 34 773.58
15 33 930.272
15 32 424.868
15 31 536.605
15 30 616.785
15 29 834.945
15 28 1152
15 27 533.215
15 26 508.076
15 25 803.994
15 24 677.111
15 23 390.283
15 22 807.632
15 21 16.6735
15 20 802.623
15 19 231.913
15 18 787.183
15 17 700.725
15 16 834.023
15 14 56.5817
15 13 774.921
15 12 711.798
15 11 256.556
15 10 1076.96
15 9 283.688
15 8 710.215
15 7 647.247
15 6 868.133
15 5 237.374
15 4 566.584
15 3 837.477
15 2 657.773
15 1 907.859
14 52 382.498
14 51 1001.99
14 50 989.116
14 49 699.278
14 48 337.004
14 47 476.603
14 46 837.976
14 45 1120.47
14 44 587.306
14 43 566.426
14 42 1088.34
14 41 975.237
14 40 921.497
14 39 1104.7
14 38 316.329
14 37 675.953
14 36 402.402
14 35 768.677
14 34 797.795
14 33 973.936
14 32 412.709
14 31 560.192
14 30 650.617
14 29 879.367
14 28 1178.21
14 27 540.302
14 26 541.241
14 25 815.164
14 24 686.62
14 23 414.622
14 22 850.407
14 21 56.9968
14 20 857.114
14 19 255.213
14 18 808.828
14 17 757.014
14 16 850.493
14 15 56.5817
14 13 763.096
14 12 746.9
14 11 238.949
14 10 1096.29
14 9 261.989
14 8 732.293
14 7 669.013
14 6 884.947
14 5 267.282
14 4 613.608
14 3 860.88
14 2 697.456
14 1 926.382
13 52 459.581
13 51 429.245
13 50 880.243
13 49 347.684
13 48 672.713
13 47 610.496
13 46 415.806
13 45 763.685
13 44 750.447
13 43 682.45
13 42 789.13
13 41 279.319
13 40 321.61
13 39 788.187
13 38 692.045
13 37 391.979
13 36 398.108
13 35 761.745
13 34 498.728
13 33 907.317
13 32 350.653
13 31 464.696
13 30 592.266
13 29 862.438
13 28 754.499
13 27 316.605
13 26 571.152
13 25 323.235
13 24 286.671
13 23 512.691
13 22 814.749
13 21 758.378
13 20 1095.63
13 19 591.742
13 18 466.221
13 17 1115.24
13 16 409.425
13 15 774.921
13 14 763.096
13 12 639.044
13 11 524.317
13 10 596.351
13 9 504.028
13 8 450.815
13 7 438.422
13 6 429.682
13 5 613.726
13 4 776.862
13 3 512.386
13 2 690.473
13 1 474.992
12 52 419.749
12 51 471.859
12 50 274.158
12 49 292.106
12 48 422.467
12 47 272.141
12 46 294.958
12 45 391.079
12 44 243.616
12 43 210.424
12 42 346.085
12 41 600.415
12 40 474.554
12 39 364.987
12 38 448.915
12 37 247.393
12 36 461.757
12 35 128.412
12 34 180.455
12 33 284.259
12 32 566.581
12 31 235.711
12 30 97.6147
12 29 224.251
12 28 468.887
12 27 387.298
12 26 206.54
12 25 367.064
12 24 352.375
12 23 348.992
12 22 176.687
12 21 699.819
12 20 491.414
12 19 497.327
12 18 221.303
12 17 567.421
12 16 312.435
12 15 711.798
12 14 746.9
12 13 639.044
12 11 628.076
12 10 456.527
12 9 642.957
12 8 194.199
12 7 202.408
12 6 327.172
12 5 480.132
12 4 246.73
12 3 225.158
12 2 91.8597
12 1 331.594
11 52 210.03
11 51 792.619
11 50 895.612
11 49 503.369
11 48 314.555
11 47 391.469
11 46 646.204
11 45 965.028
11 44 544.151
11 43 498.334
11 42 946.202
11 41 745.476
11 40 703.661
11 39 958.894
11 38 312.686
11 37 491.961
11 36 193.66
11 35 687.243
11 34 630.216
11 33 892.734
11 32 174.636
11 31 403.858
11 30 531.751
11 29 806.599
11 28 1008.84
11 27 331.003
11 26 429.238
11 25 607.366
11 24 477.813
11 23 281.29
11 22 768.442
11 21 240.681
11 20 876.368
11 19 177.904
11 18 631.782
11 17 817.99
11 16 656.028
11 15 256.556
11 14 238.949
11 13 524.317
11 12 628.076
11 10 905.752
11 9 32.2066
11 8 559.599
11 7 498.214
11 6 690.708
11 5 211.527
11 4 575.232
11 3 688.307
11 2 605.74
11 1 736.296
10 52 715.078
10 51 171.545
10 50 502.298
10 49 402.451
10 48 823.436
10 47 676.937
10 46 259.949
10 45 222.161
10 44 698.297
10 43 654.587
10 42 287.04
10 41 366.884
10 40 275.454
10 39 271.049
10 38 851.422
10 37 420.411
10 36 712.223
10 35 555.283
10 34 313.192
10 33 552.06
10 32 767.035
10 31 542.172
10 30 513.482
10 29 575.593
10 28 168.625
10 27 575.911
10 26 599.799
10 25 310.784
10 24 433.49
10 23 687.634
10 22 542.39
10 21 1061.95
10 20 905.019
10 19 845.055
10 18 291.599
10 17 1010.82
10 16 249.748
10 15 1076.96
10 14 1096.29
10 13 596.351
10 12 456.527
10 11 905.752
10 9 905.439
10 8 368.429
10 7 430.472
10 6 215.122
10 5 842.326
10 4 703.211
10 3 248.964
10 2 548.191
10 1 170.249
9 52 223.238
9 51 787.496
9 50 912.523
9 49 503.867
9 48 343.649
9 47 413.636
9 46 646.729
9 45 972.002
9 44 568.774
9 43 520.931
9 42 955.625
9 41 732.579
9 40 695.999
9 39 967.633
9 38 342.85
9 37 495.699
9 36 196.479
9 35 706.732
9 34 636.454
9 33 911.211
9 32 158.129
9 31 414.914
9 30 547.51
9 29 826.454
9 28 1012.95
9 27 329.534
9 26 447.319
9 25 603.563
9 24 474.628
9 23 299.409
9 22 787.394
9 21 268.178
9 20 904.248
9 19 207.136
9 18 635.951
9 17 848.33
9 16 655.789
9 15 283.688
9 14 261.989
9 13 504.028
9 12 642.957
9 11 32.2066
9 10 905.439
9 8 565.308
9 7 504.952
9 6 690.338
9 5 240.988
9 4 600.035
9 3 693.098
9 2 624.549
9 1 736.762
8 52 356.455
8 51 319.535
8 50 432.746
8 49 104.643
8 48 457.239
8 47 315.997
8 46 128.746
8 45 407.23
8 44 379.522
8 43 320.524
8 42 398.119
8 41 414.525
8 40 294.607
8 39 407.152
8 38 485.12
8 37 76.0013
8 36 369.032
8 35 322.058
8 34 71.6034
8 33 457.033
8 32 450.821
8 31 173.97
8 30 184.066
8 29 413.474
8 28 450.132
8 27 251.495
8 26 240.523
8 25 177.719
8 24 167.043
8 23 320.04
8 22 365.949
8 21 695.524
8 20 679.606
8 19 478.711
8 18 77.0549
8 17 737.886
8 16 146.336
8 15 710.215
8 14 732.293
8 13 450.815
8 12 194.199
8 11 559.599
8 10 368.429
8 9 565.308
8 7 63.3036
8 6 174.205
8 5 474.418
8 4 395.491
8 3 129.548
8 2 265.156
8 1 203.476
7 52 293.643
7 51 370.199
7 50 463.256
7 49 98.0165
7 48 398.726
7 47 262.697
7 46 182.296
7 45 467.08
7 44 346.501
7 43 282.892
7 42 453.365
7 41 442.248
7 40 330.926
7 39 463.937
7 38 426.428
7 37 47.6067
7 36 309.314
7 35 323.33
7 34 132.106
7 33 481.563
7 32 396.619
7 31 111.842
7 30 160.339
7 29 426.655
7 28 512.828
7 27 200.551
7 26 190.382
7 25 208.325
7 24 152.934
7 23 257.28
7 22 379.091
7 21 632.485
7 20 667.283
7 19 415.611
7 18 139.977
7 17 711.873
7 16 198.574
7 15 647.247
7 14 669.013
7 13 438.422
7 12 202.408
7 11 498.214
7 10 430.472
7 9 504.952
7 8 63.3036
7 6 229.7
7 5 411.885
7 4 366.325
7 3 192.612
7 2 254.494
7 1 263.487
6 52 502.665
6 51 147.917
6 50 489.065
6 49 187.649
6 48 628.418
6 47 489.926
6 46 47.8181
6 45 335.356
6 44 545.77
6 43 490.659
6 42 360.27
6 41 288.299
6 40 158.913
6 39 358.559
6 38 656.098
6 37 210.434
6 36 497.262
6 35 450.565
6 34 147.774
6 33 527.631
6 32 553.523
6 31 340.191
6 30 349.74
6 29 513.524
6 28 340.944
6 27 360.827
6 26 414.721
6 25 109.588
6 24 220.186
6 23 482.074
6 22 469.752
6 21 852.757
6 20 816.194
6 19 636.539
6 18 109.269
6 17 892.947
6 16 34.7336
6 15 868.133
6 14 884.947
6 13 429.682
6 12 327.172
6 11 690.708
6 10 215.122
6 9 690.338
6 8 174.205
6 7 229.7
6 5 636.482
6 4 558.261
6 3 110.936
6 2 413.97
6 1 49.6032
5 52 158.604
5 51 764.778
5 50 729.045
5 49 457.723
5 48 103.145
5 47 212.505
5 46 588.733
5 45 854.221
5 44 345.261
5 43 310.708
5 42 821.083
5 41 772.087
5 40 696.886
5 39 837.574
5 38 102.75
5 37 426.18
5 36 215.775
5 35 510.908
5 34 536.62
5 33 718.068
5 32 296.661
5 31 300.459
5 30 383.496
5 29 626.189
5 28 914.628
5 27 325.734
5 26 274.062
5 25 580.919
5 24 459.13
5 23 154.76
5 22 593.268
5 21 223.626
5 20 665.912
5 19 33.9449
5 18 551.473
5 17 607.804
5 16 602.942
5 15 237.374
5 14 267.282
5 13 613.726
5 12 480.132
5 11 211.527
5 10 842.326
5 9 240.988
5 8 474.418
5 7 411.885
5 6 636.482
5 4 375.092
5 3 600.755
5 2 435.473
5 1 674.299
4 52 404.786
4 51 706.035
4 50 395.212
4 49 462.989
4 48 280.589
4 47 194.085
4 46 518.744
4 45 620.216
4 44 31.575
4 43 95.71
4 42 562.191
4 41 807.244
4 40 690.042
4 39 584.443
4 38 297.964
4 37 411.775
4 36 471.616
4 35 182.669
4 34 411.786
4 33 369.695
4 32 585.938
4 31 312.166
4 30 211.425
4 29 272.852
4 28 706.234
4 27 469.79
4 26 206.867
4 25 570.836
4 24 509.354
4 23 319.178
4 22 254.187
4 21 558.867
4 20 325.969
4 19 404.624
4 18 448.992
4 17 345.703
4 16 536.836
4 15 566.584
4 14 613.608
4 13 776.862
4 12 246.73
4 11 575.232
4 10 703.211
4 9 600.035
4 8 395.491
4 7 366.325
4 6 558.261
4 5 375.092
4 3 466.17
4 2 155.543
4 1 570.979
3 52 486.001
3 51 248.162
3 50 381.873
3 49 203.098
3 48 575.72
3 47 428.134
3 46 99.2379
3 45 283.53
3 44 457.481
3 43 408.971
3 42 286.391
3 41 398.722
3 40 269.255
3 39 291.172
3 38 603.715
3 37 197.885
3 36 496.621
3 35 343.762
3 34 64.8238
3 33 418.465
3 32 572.398
3 31 301.004
3 30 266.716
3 29 402.634
3 28 320.742
3 27 372.422
3 26 350.976
3 25 192.497
3 24 257.344
3 23 447.284
3 22 359.112
3 21 823.037
3 20 708.843
3 19 606.593
3 18 58.2956
3 17 792.481
3 16 110.98
3 15 837.477
3 14 860.88
3 13 512.386
3 12 225.158
3 11 688.307
3 10 248.964
3 9 693.098
3 8 129.548
3 7 192.612
3 6 110.936
3 5 600.755
3 4 466.17
3 2 315.498
3 1 106.476
2 52 405.473
2 51 560.308
2 50 293.763
2 49 351.504
2 48 363.5
2 47 223.06
2 46 378.466
2 45 470.632
2 44 155.404
2 43 136.214
2 42 417.949
2 41 678.914
2 40 555.844
2 39 438.886
2 38 387.983
2 37 302.077
2 36 458.723
2 35 83.6392
2 34 266.201
2 33 287.028
2 32 570.123
2 31 247.095
2 30 99.4724
2 29 203.458
2 28 553.473
2 27 410.962
2 26 177.503
2 25 442.643
2 24 407.168
2 23 325.142
2 22 162.846
2 21 647.143
2 20 414.921
2 19 457.497
2 18 305.821
2 17 478.978
2 16 396.351
2 15 657.773
2 14 697.456
2 13 690.473
2 12 91.8597
2 11 605.74
2 10 548.191
2 9 624.549
2 8 265.156
2 7 254.494
2 6 413.97
2 5 435.473
2 4 155.543
2 3 315.498
2 1 421.61
1 52 544.886
1 51 143.116
1 50 465.221
1 49 232.993
1 48 660.712
1 47 518.208
1 46 90.0961
1 45 288.731
1 44 561
1 43 509.627
1 42 318.563
1 41 312.26
1 40 186.002
1 39 315.023
1 38 688.587
1 37 250.432
1 36 542.657
1 35 449.395
1 34 160.626
1 33 506.822
1 32 601.775
1 31 375.26
1 30 367.27
1 29 501.521
1 28 291.366
1 27 407.555
1 26 441.771
1 25 158.255
1 24 268.936
1 23 519.548
1 22 459.849
1 21 892.709
1 20 813.745
1 19 675.967
1 18 129.429
1 17 898.954
1 16 82.0645
1 15 907.859
1 14 926.382
1 13 474.992
1 12 331.594
1 11 736.296
1 10 170.249
1 9 736.762
1 8 203.476
1 7 263.487
1 6 49.6032
1 5 674.299
1 4 570.979
1 3 106.476
1 2 421.61
