nnodes narcs type
22 462  digraph 
nodename posx posy
22 157.081 193.134
21 659.56 559.359
20 448.825 785.28
19 559.497 597.717
18 388.097 170.079
17 75.9615 251.546
16 182.64 317.646
15 564.34 61.1205
14 181.405 999.778
13 790.32 157.736
12 370.266 200.563
11 671 616.619
10 603.124 592.73
9 280.452 829.149
8 707.691 653.836
7 635.173 563.477
6 65.2268 957.075
5 725.502 781.822
4 530.238 857.159
3 524.859 561.827
2 64.3557 70.6881
1 841.278 269.809
tail head weight
22 21 621.776
22 20 660.114
22 19 570.636
22 18 232.164
22 17 99.9616
22 16 127.108
22 15 428.12
22 14 807.01
22 13 634.227
22 12 213.314
22 11 665.921
22 10 598.857
22 9 647.869
22 8 717.926
22 7 604.752
22 6 769.442
22 5 818.325
22 4 761.691
22 3 520.764
22 2 153.594
22 1 688.479
21 22 621.776
21 20 308.949
21 19 107.163
21 18 474.586
21 17 659.8
21 16 534.675
21 15 507.256
21 14 650.078
21 13 422.373
21 12 460.897
21 11 58.3908
21 10 65.5642
21 9 465.305
21 8 106.031
21 7 24.7325
21 6 715.129
21 5 232.03
21 4 324.667
21 3 134.723
21 2 770.109
21 1 341.849
20 22 660.114
20 21 308.949
20 19 217.78
20 18 618.192
20 17 651.076
20 16 538.085
20 15 733.315
20 14 342.816
20 13 714.444
20 12 589.971
20 11 278.942
20 10 246.746
20 9 173.994
20 8 290.326
20 7 289.693
20 6 420.31
20 5 276.699
20 4 108.603
20 3 236.035
20 2 811.455
20 1 647.865
19 22 570.636
19 21 107.163
19 20 217.78
19 18 460.709
19 17 594.677
19 16 469.532
19 15 536.619
19 14 551.912
19 13 496.853
19 12 439.932
19 11 113.094
19 10 43.9108
19 9 362.528
19 8 158.464
19 7 83.0615
19 6 611.098
19 5 247.896
19 4 261.086
19 3 49.8784
19 2 723.135
19 1 432.347
18 22 232.164
18 21 474.586
18 20 618.192
18 19 460.709
18 17 322.592
18 16 252.96
18 15 207.204
18 14 855.058
18 13 402.412
18 12 35.3168
18 11 528.613
18 10 474.205
18 9 667.803
18 8 579.795
18 7 464.552
18 6 850.651
18 5 698.622
18 4 701.629
18 3 414.935
18 2 338.655
18 1 464.024
17 22 99.9616
17 21 659.8
17 20 651.076
17 19 594.677
17 18 322.592
17 16 125.498
17 15 524.19
17 14 755.626
17 13 720.492
17 12 298.687
17 11 698.104
17 10 627.938
17 9 612.733
17 8 748.946
17 7 640.327
17 6 705.61
17 5 838.509
17 4 757.056
17 3 545.696
17 2 181.23
17 1 765.534
16 22 127.108
16 21 534.675
16 20 538.085
16 19 469.532
16 18 252.96
16 17 125.498
16 15 459.891
16 14 682.133
16 13 628.367
16 12 221.16
16 11 572.608
16 10 502.471
16 9 520.771
16 8 623.46
16 7 514.994
16 6 650.119
16 5 714.254
16 4 641.792
16 3 420.402
16 2 273.824
16 1 660.372
15 22 428.12
15 21 507.256
15 20 733.315
15 19 536.619
15 18 207.204
15 17 524.19
15 16 459.891
15 14 1013.76
15 13 245.767
15 12 238.975
15 11 565.645
15 10 533.022
15 9 818.816
15 8 609.805
15 7 507.326
15 6 1025.6
15 5 738.502
15 4 796.768
15 3 502.261
15 2 500.076
15 1 346.765
14 22 807.01
14 21 650.078
14 20 342.816
14 19 551.912
14 18 855.058
14 17 755.626
14 16 682.133
14 15 1013.76
14 13 1039.14
14 12 821.227
14 11 621.704
14 10 586.119
14 9 197.294
14 8 629.804
14 7 629.495
14 6 123.778
14 5 586.129
14 4 376.862
14 3 556.563
14 2 936.434
14 1 984.016
13 22 634.227
13 21 422.373
13 20 714.444
13 19 496.853
13 18 402.412
13 17 720.492
13 16 628.367
13 15 245.767
13 14 1039.14
13 12 422.232
13 11 474.141
13 10 473.563
13 9 843.066
13 8 502.934
13 7 434.392
13 6 1079.21
13 5 627.443
13 4 746.213
13 3 483.486
13 2 731.164
13 1 123.114
12 22 213.314
12 21 460.897
12 20 589.971
12 19 439.932
12 18 35.3168
12 17 298.687
12 16 221.16
12 15 238.975
12 14 821.227
12 13 422.232
12 11 513.365
12 10 456.089
12 9 634.97
12 8 565.078
12 7 449.313
12 6 815.695
12 5 681.216
12 4 675.802
12 3 392.952
12 2 332.338
12 1 476.075
11 22 665.921
11 21 58.3908
11 20 278.942
11 19 113.094
11 18 528.613
11 17 698.104
11 16 572.608
11 15 565.645
11 14 621.704
11 13 474.141
11 12 513.365
11 10 71.9578
11 9 444.631
11 8 52.2629
11 7 64.0905
11 6 694.89
11 5 173.962
11 4 278.7
11 3 156.075
11 2 816.124
11 1 386.356
10 22 598.857
10 21 65.5642
10 20 246.746
10 19 43.9108
10 18 474.205
10 17 627.938
10 16 502.471
10 15 533.022
10 14 586.119
10 13 473.563
10 12 456.089
10 11 71.9578
10 9 400.013
10 8 121.113
10 7 43.3919
10 6 649.677
10 5 225.239
10 4 274.29
10 3 84.1443
10 2 750.199
10 1 401.242
9 22 647.869
9 21 465.305
9 20 173.994
9 19 362.528
9 18 667.803
9 17 612.733
9 16 520.771
9 15 818.816
9 14 197.294
9 13 843.066
9 12 634.97
9 11 444.631
9 10 400.013
9 8 461.809
9 7 443.179
9 6 250.374
9 5 447.559
9 4 251.351
9 3 362.209
9 2 788.645
9 1 792.077
8 22 717.926
8 21 106.031
8 20 290.326
8 19 158.464
8 18 579.795
8 17 748.946
8 16 623.46
8 15 609.805
8 14 629.804
8 13 502.934
8 12 565.078
8 11 52.2629
8 10 121.113
8 9 461.809
8 7 115.861
8 6 710.432
8 5 129.219
8 4 269.87
8 3 204.678
8 2 868.299
8 1 406.598
7 22 604.752
7 21 24.7325
7 20 289.693
7 19 83.0615
7 18 464.552
7 17 640.327
7 16 514.994
7 15 507.326
7 14 629.495
7 13 434.392
7 12 449.313
7 11 64.0905
7 10 43.3919
7 9 443.179
7 8 115.861
7 6 692.645
7 5 236.292
7 4 311.865
7 3 110.326
7 2 754.104
7 1 358.776
6 22 769.442
6 21 715.129
6 20 420.31
6 19 611.098
6 18 850.651
6 17 705.61
6 16 650.119
6 15 1025.6
6 14 123.778
6 13 1079.21
6 12 815.695
6 11 694.89
6 10 649.677
6 9 250.374
6 8 710.432
6 7 692.645
6 5 683.138
6 4 475.624
6 3 606.203
6 2 886.387
6 1 1036.62
5 22 818.325
5 21 232.03
5 20 276.699
5 19 247.896
5 18 698.622
5 17 838.509
5 16 714.254
5 15 738.502
5 14 586.129
5 13 627.443
5 12 681.216
5 11 173.962
5 10 225.239
5 9 447.559
5 8 129.219
5 7 236.292
5 6 683.138
5 4 209.294
5 3 297.751
5 2 970.993
5 1 524.939
4 22 761.691
4 21 324.667
4 20 108.603
4 19 261.086
4 18 701.629
4 17 757.056
4 16 641.792
4 15 796.768
4 14 376.862
4 13 746.213
4 12 675.802
4 11 278.7
4 10 274.29
4 9 251.351
4 8 269.87
4 7 311.865
4 6 475.624
4 5 209.294
4 3 295.38
4 2 914.102
4 1 664.624
3 22 520.764
3 21 134.723
3 20 236.035
3 19 49.8784
3 18 414.935
3 17 545.696
3 16 420.402
3 15 502.261
3 14 556.563
3 13 483.486
3 12 392.952
3 11 156.075
3 10 84.1443
3 9 362.209
3 8 204.678
3 7 110.326
3 6 606.203
3 5 297.751
3 4 295.38
3 2 673.262
3 1 430.575
2 22 153.594
2 21 770.109
2 20 811.455
2 19 723.135
2 18 338.655
2 17 181.23
2 16 273.824
2 15 500.076
2 14 936.434
2 13 731.164
2 12 332.338
2 11 816.124
2 10 750.199
2 9 788.645
2 8 868.299
2 7 754.104
2 6 886.387
2 5 970.993
2 4 914.102
2 3 673.262
2 1 802.033
1 22 688.479
1 21 341.849
1 20 647.865
1 19 432.347
1 18 464.024
1 17 765.534
1 16 660.372
1 15 346.765
1 14 984.016
1 13 123.114
1 12 476.075
1 11 386.356
1 10 401.242
1 9 792.077
1 8 406.598
1 7 358.776
1 6 1036.62
1 5 524.939
1 4 664.624
1 3 430.575
1 2 802.033
