nnodes narcs type
62 3782  digraph 
nodename posx posy
62 883.009 783.709
61 711.036 933.203
60 545.151 229.929
59 690.092 100.442
58 345.379 904.894
57 874.021 921.659
56 348.457 153.482
55 696.896 817.018
54 755.744 133.824
53 904.156 643.604
52 44.9963 19.1006
51 107.237 348.401
50 80.7098 973.399
49 460.145 406.319
48 783.154 938.042
47 757.834 189.454
46 89.9755 351.732
45 836.011 765.372
44 49.1652 345.206
43 105.53 240.364
42 943.326 879.68
41 995.998 102.469
40 906.505 528.13
39 298.833 766.95
38 897.199 778.85
37 97.702 856.824
36 522.141 630.519
35 534.006 570.153
34 749.827 965.415
33 878.521 685.672
32 241.699 459.883
31 741.187 465.022
30 890.998 205.709
29 144.768 533.634
28 269.55 468.873
27 182.178 107.98
26 413.331 159.009
25 60.8034 13.4742
24 647.507 288.7
23 171.432 368.39
22 676.495 491.068
21 987.316 642.425
20 707.275 170.572
19 855.371 816.41
18 994.161 78.8678
17 263.354 338.581
16 496.983 637.356
15 802.578 493.848
14 735.512 632.745
13 566.002 160.979
12 851.093 562.725
11 68.5295 948.225
10 98.9769 836.434
9 314.59 574.823
8 785.649 778.835
7 403.412 542.45
6 125.42 348.759
5 13.0766 539.923
4 757.294 166.109
3 370.206 303.521
2 171.329 722.591
1 444.758 455.763
tail head weight
62 61 227.867
62 60 648.707
62 59 709.98
62 58 551.119
62 57 138.242
62 56 826.397
62 55 189.07
62 54 662.23
62 53 141.692
62 52 1134.41
62 51 889.56
62 50 824.419
62 49 566.778
62 48 183.819
62 47 607.296
62 46 903.054
62 45 50.4486
62 44 942.115
62 43 948.524
62 42 113.351
62 41 690.546
62 40 256.657
62 39 584.417
62 38 14.9985
62 37 788.704
62 36 392.037
62 35 409.157
62 34 225.288
62 33 98.1399
62 32 718.431
62 31 348.82
62 30 578.056
62 29 779.447
62 28 689.532
62 27 973.537
62 26 781.568
62 25 1126.63
62 24 548.174
62 23 823.912
62 22 358.172
62 21 175.617
62 20 637.824
62 19 42.8157
62 18 713.552
62 17 762.963
62 16 412.838
62 15 300.813
62 14 211.059
62 13 698.775
62 12 223.278
62 11 830.929
62 10 785.803
62 9 605.585
62 8 97.482
62 7 536.861
62 6 873.57
62 5 903.446
62 4 630.265
62 3 702.53
62 2 714.3
62 1 547.369
61 62 227.867
61 60 722.574
61 59 833.025
61 58 366.751
61 57 163.394
61 56 859.9
61 55 117.043
61 54 800.629
61 53 348.084
61 52 1131.01
61 51 840.575
61 50 631.607
61 49 583.57
61 48 72.2801
61 47 745.22
61 46 850.779
61 45 209.251
61 44 885.332
61 43 920.143
61 42 238.376
61 41 878.249
61 40 449.769
61 39 444.468
61 38 241.829
61 37 618.072
61 36 356.79
61 35 403.912
61 34 50.4212
61 33 298.869
61 32 666.565
61 31 469.151
61 30 749.423
61 29 693.048
61 28 640.712
61 27 980.145
61 26 829.461
61 25 1126.37
61 24 647.626
61 23 781.144
61 22 443.482
61 21 401.102
61 20 762.64
61 19 185.67
61 18 900.027
61 17 744.308
61 16 365.163
61 15 448.79
61 14 301.454
61 13 785.726
61 12 396.069
61 11 642.682
61 10 619.662
61 9 534.421
61 8 171.454
61 7 497.314
61 6 827.358
61 5 801.135
61 4 768.488
61 3 716.006
61 2 579.345
61 1 546.674
60 62 648.707
60 61 722.574
60 59 194.357
60 58 703.908
60 57 765.928
60 56 211.027
60 55 606.382
60 54 231.486
60 53 547.734
60 52 542.774
60 51 453.657
60 50 876.614
60 49 195.804
60 48 747.04
60 47 216.501
60 46 471.191
60 45 609.343
60 44 509.206
60 43 439.745
60 42 762.05
60 41 468.518
60 40 468.509
60 39 590.816
60 38 652.113
60 37 770.2
60 36 401.25
60 35 340.406
60 34 763.434
60 33 564.657
60 32 380.739
60 31 306.102
60 30 346.694
60 29 502.537
60 28 364.761
60 27 382.911
60 26 149.687
60 25 530.514
60 24 118.03
60 23 398.543
60 22 292.31
60 21 604.701
60 20 172.649
60 19 663.473
60 18 473.74
60 17 302.018
60 16 410.264
60 15 368.676
60 14 445.531
60 13 72.0337
60 12 452.055
60 11 862.042
60 10 752.941
60 9 414.862
60 8 599.281
60 7 343.161
60 6 436.228
60 5 615.792
60 4 221.535
60 3 189.793
60 2 618.432
60 1 247.143
59 62 709.98
59 61 833.025
59 60 194.357
59 58 875.197
59 57 841.562
59 56 345.728
59 55 716.608
59 54 73.6519
59 53 583.823
59 52 650.203
59 51 633.406
59 50 1064.61
59 49 382.669
59 48 842.754
59 47 111.858
59 46 650.604
59 45 680.753
59 44 686.073
59 43 601.075
59 42 819.353
59 41 305.913
59 40 479.325
59 39 772.862
59 38 709.317
59 37 960.749
59 36 556.048
59 35 494.966
59 34 867.033
59 33 614.817
59 32 574.678
59 31 368.143
59 30 226.814
59 29 696.444
59 28 559.104
59 27 507.969
59 26 282.89
59 25 635.269
59 24 193.015
59 23 583.784
59 22 390.863
59 21 618.133
59 20 72.2049
59 19 734.798
59 18 304.834
59 17 488.688
59 16 570.585
59 15 409.172
59 14 534.237
59 13 138.069
59 12 489.517
59 11 1051.23
59 10 943.982
59 9 605.011
59 8 685.09
59 7 526.836
59 6 616.86
59 5 807.151
59 4 93.9593
59 3 378.904
59 2 810.052
59 1 431.789
58 62 551.119
58 61 366.751
58 60 703.908
58 59 875.197
58 57 528.908
58 56 751.418
58 55 362.335
58 54 873.47
58 53 616.85
58 52 935.339
58 51 605.307
58 50 273.391
58 49 511.614
58 48 439.028
58 47 825.817
58 46 609.277
58 45 510.085
58 44 633.24
58 43 706.49
58 42 598.478
58 41 1033.05
58 40 675.88
58 39 145.586
58 38 566.032
58 37 252.299
58 36 326.384
58 35 384.229
58 34 408.951
58 33 576.454
58 32 456.929
58 31 591.736
58 30 886.883
58 29 421.994
58 28 442.566
58 27 813.454
58 26 748.974
58 25 935.742
58 24 686.277
58 23 563.998
58 22 529.991
58 21 693.522
58 20 818.656
58 19 517.612
58 18 1050.35
58 17 572.223
58 16 307.507
58 15 614.809
58 14 475.677
58 13 775.941
58 12 610.595
58 11 280.22
58 10 255.736
58 9 331.504
58 8 457.961
58 7 367.061
58 6 598.054
58 5 493.588
58 4 845.859
58 3 601.885
58 2 252.047
58 1 459.994
57 62 138.242
57 61 163.394
57 60 765.928
57 59 841.562
57 58 528.908
57 56 930.759
57 55 205.726
57 54 796.664
57 53 279.682
57 52 1225.52
57 51 957.383
57 50 794.997
57 49 660.96
57 48 92.3325
57 47 741.365
57 46 969.301
57 45 160.842
57 44 1006.32
57 43 1027.01
57 42 81.0265
57 41 828.221
57 40 394.867
57 39 595.631
57 38 144.677
57 37 779.022
57 36 456.708
57 35 489.047
57 34 131.677
57 33 236.029
57 32 782.987
57 31 475.565
57 30 716.151
57 29 826.059
57 28 755.249
57 27 1068.05
57 26 890.994
57 25 1219.07
57 24 672.268
57 23 894.28
57 22 473.735
57 21 301.342
57 20 769.373
57 19 106.888
57 18 851.311
57 17 844.331
57 16 472.214
57 15 433.735
57 14 320.4
57 13 820.676
57 12 359.666
57 11 805.93
57 10 779.716
57 9 658.223
57 8 167.953
57 7 604.378
57 6 942.666
57 5 941.779
57 4 764.513
57 3 797.448
57 2 730.345
57 1 633.502
56 62 826.397
56 61 859.9
56 60 211.027
56 59 345.728
56 58 751.418
56 57 930.759
56 55 749.459
56 54 407.761
56 53 740.96
56 52 331.884
56 51 310.13
56 50 862.526
56 49 276.406
56 48 896.937
56 47 410.955
56 46 325.754
56 45 782.38
56 44 355.435
56 43 257.996
56 42 938.74
56 41 649.547
56 40 672.145
56 39 615.471
56 38 831.987
56 37 746.704
56 36 507.671
56 35 456.117
56 34 905.722
56 33 751.129
56 32 324.467
56 31 501.292
56 30 545.049
56 29 431.283
56 28 325.112
56 27 172.392
56 26 65.1092
56 25 319.917
56 24 328.2
56 23 278.43
56 22 470.716
56 21 804.491
56 20 359.225
56 19 834.527
56 18 650.001
56 17 203.726
56 16 506.156
56 15 567.517
56 14 616.039
56 13 217.674
56 12 648.169
56 11 842.6
56 10 727.093
56 9 422.7
56 8 763.023
56 7 392.831
56 6 296.443
56 5 511.68
56 4 409.032
56 3 151.607
56 2 596.036
56 1 317.25
55 62 189.07
55 61 117.043
55 60 606.382
55 59 716.608
55 58 362.335
55 57 205.726
55 56 749.459
55 54 685.724
55 53 270.238
55 52 1030.36
55 51 753.193
55 50 635.72
55 49 474.051
55 48 148.618
55 47 630.515
55 46 764.75
55 45 148.393
55 44 801.349
55 43 825.98
55 42 254.272
55 41 774.623
55 40 356.92
55 39 401.2
55 38 203.907
55 37 600.515
55 36 255.58
55 35 295.762
55 34 157.554
55 33 224.142
55 32 578.576
55 31 354.771
55 30 641.385
55 29 620.606
55 28 551.207
55 27 876.167
55 26 716.508
55 25 1024.84
55 24 530.621
55 23 690.926
55 22 326.588
55 21 338.861
55 20 646.529
55 19 158.477
55 18 795.759
55 17 645.647
55 16 268.782
55 15 340.011
55 14 188.276
55 13 668.969
55 12 297.391
55 11 641.919
55 10 598.234
55 9 452.566
55 8 96.6181
55 7 401.896
55 6 738.817
55 5 737.828
55 4 653.705
55 3 608.609
55 2 533.982
55 1 440.543
54 62 662.23
54 61 800.629
54 60 231.486
54 59 73.6519
54 58 873.47
54 57 796.664
54 56 407.761
54 55 685.724
54 53 530.945
54 52 719.947
54 51 683.085
54 50 1077.29
54 49 402.035
54 48 804.685
54 47 55.67
54 46 700.523
54 45 636.629
54 44 737.521
54 43 658.885
54 42 769.083
54 41 242.291
54 40 422.145
54 39 780.78
54 38 660.355
54 37 977.624
54 36 548.887
54 35 489.44
54 34 831.612
54 33 565.342
54 32 608.735
54 31 331.518
54 30 153.17
54 29 730.165
54 28 590.46
54 27 574.148
54 26 343.338
54 25 705.285
54 24 188.95
54 23 629.636
54 22 365.929
54 21 558.839
54 20 60.8251
54 19 689.819
54 18 244.669
54 17 533.267
54 16 566.129
54 15 363.058
54 14 499.331
54 13 191.676
54 12 439.372
54 11 1065.6
54 10 961.772
54 9 623.777
54 8 645.705
54 7 539.55
54 6 665.963
54 5 846.447
54 4 32.3226
54 3 421.233
54 2 829.571
54 1 447.613
53 62 141.692
53 61 348.084
53 60 547.734
53 59 583.823
53 58 616.85
53 57 279.682
53 56 740.96
53 55 270.238
53 54 530.945
53 52 1062.15
53 51 849.838
53 50 887.033
53 49 503.438
53 48 318.331
53 47 477.14
53 46 864.916
53 45 139.539
53 44 905.566
53 43 894.654
53 42 239.303
53 41 548.874
53 40 115.498
53 39 617.762
53 38 135.424
53 37 834.164
53 36 382.239
53 35 377.367
53 34 356.903
53 33 49.2628
53 32 687.461
53 31 241.766
53 30 438.093
53 29 767.31
53 28 658.222
53 27 898.969
53 26 689.74
53 25 1052.76
53 24 437.979
53 23 782.705
53 22 274.038
53 21 83.1685
53 20 512.369
53 19 179.56
53 18 571.864
53 17 709.695
53 16 407.221
53 15 180.956
53 14 168.993
53 13 589.301
53 12 96.7325
53 11 889.418
53 10 827.947
53 9 593.564
53 8 179.809
53 7 510.859
53 6 832.685
53 5 897.091
53 4 499.57
53 3 633.055
53 2 737.071
53 1 496.317
52 62 1134.41
52 61 1131.01
52 60 542.774
52 59 650.203
52 58 935.339
52 57 1225.52
52 56 331.884
52 55 1030.36
52 54 719.947
52 53 1062.15
52 51 335.131
52 50 954.966
52 49 567.703
52 48 1178.7
52 47 732.911
52 46 335.659
52 45 1087.49
52 44 326.132
52 43 229.394
52 42 1244.02
52 41 954.649
52 40 1000.65
52 39 789.754
52 38 1141.7
52 37 839.38
52 36 775.564
52 35 736.742
52 34 1179.96
52 33 1067.28
52 32 482.681
52 31 826.757
52 30 866.338
52 29 524.117
52 28 502.712
52 27 163.457
52 26 394.011
52 25 16.7786
52 24 660.079
52 23 371.469
52 22 788.381
52 21 1129.82
52 20 679.38
52 19 1136.84
52 18 951.045
52 17 386.972
52 16 765.853
52 15 894.045
52 14 923.781
52 13 539.978
52 12 972.275
52 11 929.422
52 10 819.114
52 9 617.664
52 8 1061.02
52 7 634.315
52 6 339.327
52 5 521.8
52 4 727.31
52 3 432.038
52 2 714.744
52 1 592.017
51 62 889.56
51 61 840.575
51 60 453.657
51 59 633.406
51 58 605.307
51 57 957.383
51 56 310.13
51 55 753.193
51 54 683.085
51 53 849.838
51 52 335.131
51 50 625.56
51 49 357.63
51 48 896.962
51 47 669.732
51 46 17.5797
51 45 839.629
51 44 58.1593
51 43 108.051
51 42 990.607
51 41 922.16
51 40 819.227
51 39 460.317
51 38 899.626
51 37 508.512
51 36 501.733
51 35 480.943
51 34 890.858
51 33 841.803
51 32 174.666
51 31 644.587
51 30 796.645
51 29 188.997
51 28 202.136
51 27 251.831
51 26 359.949
51 25 338.13
51 24 543.559
51 23 67.2358
51 22 586.864
51 21 927.895
51 20 625.835
51 19 882.461
51 18 926.975
51 17 156.425
51 16 485.177
51 15 710.39
51 14 689.624
51 13 495.573
51 12 774.117
51 11 601.071
51 10 488.103
51 9 307.022
51 8 803.441
51 7 354.082
51 6 18.1864
51 5 213.417
51 4 675.133
51 3 266.772
51 2 379.639
51 1 354.186
50 62 824.419
50 61 631.607
50 60 876.614
50 59 1064.61
50 58 273.391
50 57 794.997
50 56 862.526
50 55 635.72
50 54 1077.29
50 53 887.033
50 52 954.966
50 51 625.56
50 49 682.313
50 48 703.333
50 47 1035.89
50 46 621.735
50 45 783.426
50 44 628.984
50 43 733.455
50 42 867.692
50 41 1263.44
50 40 938.191
50 39 300.331
50 38 839.347
50 37 117.807
50 36 558.953
50 35 606.7
50 34 669.164
50 33 848.11
50 32 538.159
50 31 833.473
50 30 1116.21
50 29 444.406
50 28 538.708
50 27 871.347
50 26 879.697
50 25 960.131
50 24 888.86
50 23 611.773
50 22 766.553
50 21 965.131
50 20 1018.39
50 19 790.409
50 18 1278.51
50 17 660.57
50 16 534.985
50 15 866.639
50 14 738.113
50 13 946.327
50 12 873.008
50 11 27.9659
50 10 138.177
50 9 462.128
50 8 731.296
50 7 538.38
50 6 626.238
50 5 438.72
50 4 1053.32
50 3 729.756
50 2 266.677
50 1 632.833
49 62 566.778
49 61 583.57
49 60 195.804
49 59 382.669
49 58 511.614
49 57 660.96
49 56 276.406
49 55 474.051
49 54 402.035
49 53 503.438
49 52 567.703
49 51 357.63
49 50 682.313
49 48 622.145
49 47 368.305
49 46 374.173
49 45 519.803
49 44 415.499
49 43 391.527
49 42 676.413
49 41 616.005
49 40 462.683
49 39 395.065
49 38 574.278
49 37 578.204
49 36 232.614
49 35 179.714
49 34 629.685
49 33 503.067
49 32 224.918
49 31 287.107
49 30 475.267
49 29 340.106
49 28 200.599
49 27 407.765
49 26 251.701
49 25 560.179
49 24 221.221
49 23 291.194
49 22 232.357
49 21 577.629
49 20 341.54
49 19 569.542
49 18 626.416
49 17 208.123
49 16 233.955
49 15 353.443
49 14 356.505
49 13 267.202
49 12 421.074
49 11 668.599
49 10 561.642
49 9 222.666
49 8 494.693
49 7 147.48
49 6 339.639
49 5 466.605
49 4 382.097
49 3 136.588
49 2 428.302
49 1 51.7834
48 62 183.819
48 61 72.2801
48 60 747.04
48 59 842.754
48 58 439.028
48 57 92.3325
48 56 896.937
48 55 148.618
48 54 804.685
48 53 318.331
48 52 1178.7
48 51 896.962
48 50 703.333
48 49 622.145
48 47 749.016
48 46 907.885
48 45 180.579
48 44 943.501
48 43 972.589
48 42 170.473
48 41 862.255
48 40 428.069
48 39 513.653
48 38 195.827
48 37 690.247
48 36 403.359
48 35 444.316
48 34 43.1277
48 33 269.788
48 32 722.364
48 31 474.878
48 30 740.231
48 29 755.7
48 28 695.635
48 27 1024.78
48 26 862.358
48 25 1173.29
48 24 663.358
48 23 835.886
48 22 459.523
48 21 359.265
48 20 771.212
48 19 141.456
48 18 884.706
48 17 793.439
48 16 415.097
48 15 444.618
48 14 308.992
48 13 806.834
48 12 381.417
48 11 714.697
48 10 691.681
48 9 592.857
48 8 159.226
48 7 548.359
48 6 883.102
48 5 866.901
48 4 772.366
48 3 757.062
48 2 648.651
48 1 589.155
47 62 607.296
47 61 745.22
47 60 216.501
47 59 111.858
47 58 825.817
47 57 741.365
47 56 410.955
47 55 630.515
47 54 55.67
47 53 477.14
47 52 732.911
47 51 669.732
47 50 1035.89
47 49 368.305
47 48 749.016
47 46 687.292
47 45 581.2
47 44 725.583
47 43 654.288
47 42 714.716
47 41 253.551
47 40 369.871
47 39 737.688
47 38 605.648
47 37 938.7
47 36 500.089
47 35 441.623
47 34 776.002
47 33 510.683
47 32 582.69
47 31 276.07
47 30 134.152
47 29 703.072
47 28 562.581
47 27 581.394
47 26 345.846
47 25 718.903
47 24 148.397
47 23 613.095
47 22 312.389
47 21 507.784
47 20 53.97
47 19 634.497
47 18 260.921
47 17 516.478
47 16 518.323
47 15 307.665
47 14 443.852
47 13 193.935
47 12 384.744
47 11 1025.12
47 10 923.405
47 9 587.345
47 8 590.037
47 7 500.221
47 6 652.171
47 5 823.099
47 4 23.3516
47 3 404.063
47 2 792.605
47 1 411.019
46 62 903.054
46 61 850.779
46 60 471.191
46 59 650.604
46 58 609.277
46 57 969.301
46 56 325.754
46 55 764.75
46 54 700.523
46 53 864.916
46 52 335.659
46 51 17.5797
46 50 621.735
46 49 374.173
46 48 907.885
46 47 687.292
46 45 853.034
46 44 41.3288
46 43 112.449
46 42 1003.46
46 41 939.685
46 40 835.366
46 39 464.787
46 38 913.257
46 37 505.151
46 36 514.285
46 35 494.844
46 34 901.116
46 33 856.341
46 32 186.324
46 31 660.992
46 30 814.224
46 29 189.975
46 28 214.404
46 27 260.608
46 26 376.432
46 25 339.514
46 24 561.084
46 23 83.1428
46 22 602.843
46 21 943.251
46 20 643.334
46 19 895.408
46 18 944.461
46 17 173.876
46 16 497.228
46 15 726.636
46 14 704.049
46 13 512.823
46 12 789.821
46 11 596.878
46 10 484.786
46 9 316.577
46 8 816.32
46 7 366.9
46 6 35.5685
46 5 203.296
46 4 692.654
46 3 284.347
46 2 379.677
46 1 369.721
45 62 50.4486
45 61 209.251
45 60 609.343
45 59 680.753
45 58 510.085
45 57 160.842
45 56 782.38
45 55 148.393
45 54 636.629
45 53 139.539
45 52 1087.49
45 51 839.629
45 50 783.426
45 49 519.803
45 48 180.579
45 47 581.2
45 46 853.034
45 44 892.001
45 43 899.576
45 42 156.789
45 41 681.935
45 40 247.494
45 39 537.181
45 38 62.6542
45 37 743.952
45 36 341.614
45 35 359.608
45 34 217.819
45 33 90.3282
45 32 668.23
45 31 314.964
45 30 562.358
45 29 729.054
45 28 639.367
45 27 927.18
45 26 739.145
45 25 1079.95
45 24 512.591
45 23 774.119
45 22 317.314
45 21 194.959
45 20 608.572
45 19 54.5864
45 18 704.485
45 17 714.204
45 16 362.392
45 15 273.575
45 14 166.403
45 13 661.964
45 12 203.208
45 11 788.964
45 10 740.452
45 9 555.148
45 8 52.1306
45 7 486.659
45 6 823.715
45 5 853.258
45 4 604.411
45 3 655.958
45 2 666.057
45 1 498.935
44 62 942.115
44 61 885.332
44 60 509.206
44 59 686.073
44 58 633.24
44 57 1006.32
44 56 355.435
44 55 801.349
44 54 737.521
44 53 905.566
44 52 326.132
44 51 58.1593
44 50 628.984
44 49 415.499
44 48 943.501
44 47 725.583
44 46 41.3288
44 45 892.001
44 43 119.033
44 42 1041.72
44 41 977.453
44 40 876.637
44 39 490.103
44 38 952.474
44 37 513.915
44 36 552.367
44 35 534.483
44 34 935.727
44 33 896.52
44 32 224.098
44 31 702.317
44 30 853.313
44 29 211.293
44 28 252.711
44 27 271.972
44 26 409.006
44 25 331.936
44 24 601.005
44 23 124.446
44 22 644.064
44 21 984.107
44 20 680.886
44 19 933.81
44 18 981.811
44 17 214.291
44 16 534.689
44 15 767.936
44 14 744.144
44 13 548.689
44 12 830.905
44 11 603.329
44 10 493.747
44 9 350.962
44 8 854.659
44 7 405.457
44 6 76.3371
44 5 198.033
44 4 730.426
44 3 323.736
44 2 396.665
44 1 410.752
43 62 948.524
43 61 920.143
43 60 439.745
43 59 601.075
43 58 706.49
43 57 1027.01
43 56 257.996
43 55 825.98
43 54 658.885
43 53 894.654
43 52 229.394
43 51 108.051
43 50 733.455
43 49 391.527
43 48 972.589
43 47 654.288
43 46 112.449
43 45 899.576
43 44 119.033
43 42 1053.86
43 41 901.082
43 40 851.1
43 39 560.944
43 38 957.448
43 37 616.509
43 36 570.776
43 35 540.696
43 34 969.957
43 33 892.085
43 32 258.323
43 31 674.189
43 30 786.233
43 29 295.883
43 28 281.281
43 27 152.973
43 26 318.371
43 25 231.256
43 24 544.129
43 23 143.993
43 22 623.582
43 21 969.123
43 20 605.779
43 19 945.564
43 18 903.187
43 17 185.889
43 16 557.529
43 15 741.708
43 14 742.186
43 13 467.265
43 12 812.269
43 11 708.827
43 10 596.106
43 9 394.422
43 8 867.475
43 7 424.252
43 6 110.205
43 5 313.501
43 4 655.981
43 3 272.107
43 2 486.695
43 1 401.837
42 62 113.351
42 61 238.376
42 60 762.05
42 59 819.353
42 58 598.478
42 57 81.0265
42 56 938.74
42 55 254.272
42 54 769.083
42 53 239.303
42 52 1244.02
42 51 990.607
42 50 867.692
42 49 676.413
42 48 170.473
42 47 714.716
42 46 1003.46
42 45 156.789
42 44 1041.72
42 43 1053.86
42 41 778.993
42 40 353.473
42 39 654.278
42 38 110.88
42 37 845.932
42 36 489.365
42 35 513.176
42 34 211.642
42 33 204.545
42 32 817.625
42 31 461.304
42 30 676
42 29 870.312
42 28 789.136
42 27 1083.91
42 26 894.573
42 25 1236.59
42 24 660.882
42 23 925.871
42 22 471.4
42 21 241.299
42 20 747.364
42 19 108.347
42 18 802.424
42 17 868.994
42 16 507.88
42 15 410.702
42 14 322.744
42 13 811.729
42 12 330.102
42 11 877.477
42 10 845.455
42 9 698.746
42 8 187.167
42 7 636.578
42 6 975.114
42 5 990.352
42 4 737.422
42 3 812.665
42 2 787.817
42 1 654.427
41 62 690.546
41 61 878.249
41 60 468.518
41 59 305.913
41 58 1033.05
41 57 828.221
41 56 649.547
41 55 774.623
41 54 242.291
41 53 548.874
41 52 954.649
41 51 922.16
41 50 1263.44
41 49 616.005
41 48 862.255
41 47 253.551
41 46 939.685
41 45 681.935
41 44 977.453
41 43 901.082
41 42 778.993
41 40 434.967
41 39 963.106
41 38 683.558
41 37 1173.02
41 36 709.491
41 35 657.392
41 34 897.371
41 33 594.917
41 32 834.693
41 31 443.14
41 30 147.252
41 29 954.199
41 28 813.621
41 27 813.839
41 26 585.404
41 25 939.419
41 24 395.13
41 23 866.384
41 22 503.081
41 21 540.025
41 20 296.646
41 19 727.659
41 18 23.6729
41 17 769.751
41 16 731.518
41 15 436.564
41 14 590.8
41 13 433.959
41 12 482.527
41 11 1255.19
41 10 1159.03
41 9 829.117
41 8 708.32
41 7 738.066
41 6 904.746
41 5 1075.87
41 4 247.042
41 3 657.296
41 2 1031.81
41 1 654.738
40 62 256.657
40 61 449.769
40 60 468.509
40 59 479.325
40 58 675.88
40 57 394.867
40 56 672.145
40 55 356.92
40 54 422.145
40 53 115.498
40 52 1000.65
40 51 819.227
40 50 938.191
40 49 462.683
40 48 428.069
40 47 369.871
40 46 835.366
40 45 247.494
40 44 876.637
40 43 851.1
40 42 353.473
40 41 434.967
40 39 652.917
40 38 250.892
40 37 873.042
40 36 397.768
40 35 374.862
40 34 464.506
40 33 160.008
40 32 668.301
40 31 176.955
40 30 322.794
40 29 761.757
40 28 639.706
40 27 837.363
40 26 616.012
40 25 989.991
40 24 352.713
40 23 752.229
40 22 232.977
40 21 139.977
40 20 409.317
40 19 292.78
40 18 457.734
40 17 670.502
40 16 423.838
40 15 109.435
40 14 200.457
40 13 500.742
40 12 65.3244
40 11 937.381
40 10 864.38
40 9 593.754
40 8 278.315
40 7 503.297
40 6 801.417
40 5 893.507
40 4 391.565
40 3 581.434
40 2 760.46
40 1 467.383
39 62 584.417
39 61 444.468
39 60 590.816
39 59 772.862
39 58 145.586
39 57 595.631
39 56 615.471
39 55 401.2
39 54 780.78
39 53 617.762
39 52 789.754
39 51 460.317
39 50 300.331
39 49 395.065
39 48 513.653
39 47 737.688
39 46 464.787
39 45 537.181
39 44 490.103
39 43 560.944
39 42 654.278
39 41 963.106
39 40 652.917
39 38 598.484
39 37 220.297
39 36 261.687
39 35 306.652
39 34 492.731
39 33 585.359
39 32 312.337
39 31 535.572
39 30 815.875
39 29 279.593
39 28 299.512
39 27 669.216
39 26 618.629
39 25 790.179
39 24 591.859
39 23 418.426
39 22 467.696
39 21 699.654
39 20 722.836
39 19 558.732
39 18 978.232
39 17 429.836
39 16 236.766
39 15 573.013
39 14 456.837
39 13 662.254
39 12 588.812
39 11 293.087
39 10 211.59
39 9 192.772
39 8 486.962
39 7 247.663
39 6 452.72
39 5 364.963
39 4 755.775
39 3 468.892
39 2 134.999
39 1 343.703
38 62 14.9985
38 61 241.829
38 60 652.113
38 59 709.317
38 58 566.032
38 57 144.677
38 56 831.987
38 55 203.907
38 54 660.355
38 53 135.424
38 52 1141.7
38 51 899.626
38 50 839.347
38 49 574.278
38 48 195.827
38 47 605.648
38 46 913.257
38 45 62.6542
38 44 952.474
38 43 957.448
38 42 110.88
38 41 683.558
38 40 250.892
38 39 598.484
38 37 803.29
38 36 403.324
38 35 418.884
38 34 237.75
38 33 95.0313
38 32 728.986
38 31 350.468
38 30 573.175
38 29 791.381
38 28 700.021
38 27 980.47
38 26 786.34
38 25 1133.74
38 24 550.084
38 23 833.795
38 22 362.669
38 21 163.502
38 20 637.238
38 19 56.2164
38 18 706.666
38 17 771.749
38 16 424.492
38 15 300.298
38 14 217.92
38 13 701.039
38 12 220.988
38 11 845.802
38 10 800.296
38 9 617.3
38 8 111.55
38 7 547.458
38 6 883.528
38 5 915.837
38 4 628.51
38 3 709.689
38 2 728.046
38 1 555.956
37 62 788.704
37 61 618.072
37 60 770.2
37 59 960.749
37 58 252.299
37 57 779.022
37 56 746.704
37 55 600.515
37 54 977.624
37 53 834.164
37 52 839.38
37 51 508.512
37 50 117.807
37 49 578.204
37 48 690.247
37 47 938.7
37 46 505.151
37 45 743.952
37 44 513.915
37 43 616.509
37 42 845.932
37 41 1173.02
37 40 873.042
37 39 220.297
37 38 803.29
37 36 481.001
37 35 522.055
37 34 661.104
37 33 799.357
37 32 422.252
37 31 753.38
37 30 1026.29
37 29 326.599
37 28 424.308
37 27 753.594
37 26 765.877
37 25 844.156
37 24 790.601
37 23 493.967
37 22 684.674
37 21 915.085
37 20 917.889
37 19 758.746
37 18 1186.95
37 17 544.074
37 16 455.622
37 15 792.844
37 14 676.027
37 13 838.752
37 12 808.76
37 11 95.9435
37 10 20.4292
37 9 355.76
37 8 692.354
37 7 438.508
37 6 508.82
37 5 328.006
37 4 955.065
37 3 616.767
37 2 153.1
37 1 530.375
36 62 392.037
36 61 356.79
36 60 401.25
36 59 556.048
36 58 326.384
36 57 456.708
36 56 507.671
36 55 255.58
36 54 548.887
36 53 382.239
36 52 775.564
36 51 501.733
36 50 558.953
36 49 232.614
36 48 403.359
36 47 500.089
36 46 514.285
36 45 341.614
36 44 552.367
36 43 570.776
36 42 489.365
36 41 709.491
36 40 397.768
36 39 261.687
36 38 403.324
36 37 481.001
36 35 61.521
36 34 404.964
36 33 360.623
36 32 328.275
36 31 274.537
36 30 562.601
36 29 389.612
36 28 299.886
36 27 623.396
36 26 483.902
36 25 770.439
36 24 364.083
36 23 437.845
36 22 208.019
36 21 465.328
36 20 495.808
36 19 381.573
36 18 726.032
36 17 390.126
36 16 26.0701
36 15 311.968
36 14 213.383
36 13 471.584
36 12 335.866
36 11 553.805
36 10 470.605
36 9 214.894
36 8 302.381
36 7 147.827
36 6 486.597
36 5 517.063
36 4 520.551
36 3 360.571
36 2 362.693
36 1 191.122
35 62 409.157
35 61 403.912
35 60 340.406
35 59 494.966
35 58 384.229
35 57 489.047
35 56 456.117
35 55 295.762
35 54 489.44
35 53 377.367
35 52 736.742
35 51 480.943
35 50 606.7
35 49 179.714
35 48 444.316
35 47 441.623
35 46 494.844
35 45 359.608
35 44 534.483
35 43 540.696
35 42 513.176
35 41 657.392
35 40 374.862
35 39 306.652
35 38 418.884
35 37 522.055
35 36 61.521
35 34 450.345
35 33 363.367
35 32 312.415
35 31 232.328
35 30 510.16
35 29 390.948
35 28 283.187
35 27 580.85
35 26 428.488
35 25 730.624
35 24 303.477
35 23 414.931
35 22 162.965
35 21 459.035
35 20 435.531
35 19 404.868
35 18 673.13
35 17 356.2
35 16 76.7261
35 15 279.201
35 14 211.003
35 13 410.423
35 12 317.174
35 11 599.672
35 10 510.055
35 9 219.465
35 8 326.914
35 7 133.5
35 6 464.713
35 5 521.806
35 4 461.637
35 3 312.926
35 2 393.41
35 1 145.087
34 62 225.288
34 61 50.4212
34 60 763.434
34 59 867.033
34 58 408.951
34 57 131.677
34 56 905.722
34 55 157.554
34 54 831.612
34 53 356.903
34 52 1179.96
34 51 890.858
34 50 669.164
34 49 629.685
34 48 43.1277
34 47 776.002
34 46 901.116
34 45 217.819
34 44 935.727
34 43 969.957
34 42 211.642
34 41 897.371
34 40 464.506
34 39 492.731
34 38 237.75
34 37 661.104
34 36 404.964
34 35 450.345
34 33 307.926
34 32 716.768
34 31 500.468
34 30 772.711
34 29 743.324
34 28 690.811
34 27 1028.31
34 26 873.796
34 25 1175.14
34 24 684.406
34 23 831.251
34 22 479.982
34 21 400.904
34 20 795.981
34 19 182.598
34 18 919.601
34 17 793.459
34 16 414.189
34 15 474.508
34 14 332.978
34 13 825.172
34 12 415.228
34 11 681.514
34 10 663.507
34 9 584.801
34 8 189.987
34 7 546.72
34 6 877.581
34 5 850.79
34 4 799.341
34 3 763.03
34 2 627.393
34 1 593.979
33 62 98.1399
33 61 298.869
33 60 564.657
33 59 614.817
33 58 576.454
33 57 236.029
33 56 751.129
33 55 224.142
33 54 565.342
33 53 49.2628
33 52 1067.28
33 51 841.803
33 50 848.11
33 49 503.067
33 48 269.788
33 47 510.683
33 46 856.341
33 45 90.3282
33 44 896.52
33 43 892.085
33 42 204.545
33 41 594.917
33 40 160.008
33 39 585.359
33 38 95.0313
33 37 799.357
33 36 360.623
33 35 363.367
33 34 307.926
33 32 675.666
33 31 259.899
33 30 480.126
33 29 749.34
33 28 646.412
33 27 904.778
33 26 702.692
33 25 1058.54
33 24 459.297
33 23 775.011
33 22 280.509
33 21 117.075
33 20 542.82
33 19 132.772
33 18 617.725
33 17 706.331
33 16 384.585
33 15 206.31
33 14 152.489
33 13 610.714
33 12 125.97
33 11 851.481
33 10 793.989
33 9 574.722
33 8 131.547
33 7 496.228
33 6 825.029
33 5 877.632
33 4 533.518
33 3 635.943
33 2 708.155
33 1 490.926
32 62 718.431
32 61 666.565
32 60 380.739
32 59 574.678
32 58 456.929
32 57 782.987
32 56 324.467
32 55 578.576
32 54 608.735
32 53 687.461
32 52 482.681
32 51 174.666
32 50 538.159
32 49 224.918
32 48 722.364
32 47 582.69
32 46 186.324
32 45 668.23
32 44 224.098
32 43 258.323
32 42 817.625
32 41 834.693
32 40 668.301
32 39 312.337
32 38 728.986
32 37 422.252
32 36 328.275
32 35 312.415
32 34 716.768
32 33 675.666
32 31 499.514
32 30 697.277
32 29 121.798
32 28 29.2662
32 27 356.902
32 26 346.386
32 25 481.668
32 24 440.437
32 23 115.362
32 22 435.914
32 21 767.637
32 20 548.145
32 19 709.722
32 18 843.429
32 17 123.22
32 16 310.913
32 15 561.907
32 14 523.195
32 13 441.04
32 12 618.012
32 11 518.136
32 10 402.691
32 9 136.104
32 8 630.565
32 7 181.572
32 6 160.84
32 5 242.228
32 4 593.416
32 3 202.394
32 2 271.969
32 1 203.102
31 62 348.82
31 61 469.151
31 60 306.102
31 59 368.143
31 58 591.736
31 57 475.565
31 56 501.292
31 55 354.771
31 54 331.518
31 53 241.766
31 52 826.757
31 51 644.587
31 50 833.473
31 49 287.107
31 48 474.878
31 47 276.07
31 46 660.992
31 45 314.964
31 44 702.317
31 43 674.189
31 42 461.304
31 41 443.14
31 40 176.955
31 39 535.572
31 38 350.468
31 37 753.38
31 36 274.537
31 35 232.328
31 34 500.468
31 33 259.899
31 32 499.514
31 30 299.478
31 29 600.352
31 28 471.653
31 27 663.302
31 26 448.479
31 25 816.588
31 24 199.662
31 23 577.89
31 22 69.7379
31 21 303.4
31 20 296.396
31 19 369.475
31 18 461.64
31 17 494.279
31 16 298.888
31 15 67.8226
31 14 167.819
31 13 350.901
31 12 147.056
31 11 828.223
31 10 741.876
31 9 440.501
31 8 316.948
31 7 346.536
31 6 626.647
31 5 731.952
31 4 299.346
31 3 404.61
31 2 625.363
31 1 296.573
30 62 578.056
30 61 749.423
30 60 346.694
30 59 226.814
30 58 886.883
30 57 716.151
30 56 545.049
30 55 641.385
30 54 153.17
30 53 438.093
30 52 866.338
30 51 796.645
30 50 1116.21
30 49 475.267
30 48 740.231
30 47 134.152
30 46 814.224
30 45 562.358
30 44 853.313
30 43 786.233
30 42 676
30 41 147.252
30 40 322.794
30 39 815.875
30 38 573.175
30 37 1026.29
30 36 562.601
30 35 510.16
30 34 772.711
30 33 480.126
30 32 697.277
30 31 299.478
30 29 815.104
30 28 674.873
30 27 715.526
30 26 479.944
30 25 852.16
30 24 257.246
30 23 737.726
30 22 356.989
30 21 447.212
30 20 187.053
30 19 611.74
30 18 163.497
30 17 641.555
30 16 584.437
30 15 301.401
30 14 454.462
30 13 328.06
30 12 359.239
30 11 1108.05
30 10 1012.48
30 9 684.464
30 8 582.729
30 7 592.567
30 6 778.829
30 5 939.386
30 4 139.445
30 3 529.898
30 2 886.053
30 1 511.524
29 62 779.447
29 61 693.048
29 60 502.537
29 59 696.444
29 58 421.994
29 57 826.059
29 56 431.283
29 55 620.606
29 54 730.165
29 53 767.31
29 52 524.117
29 51 188.997
29 50 444.406
29 49 340.106
29 48 755.7
29 47 703.072
29 46 189.975
29 45 729.054
29 44 211.293
29 43 295.883
29 42 870.312
29 41 954.199
29 40 761.757
29 39 279.593
29 38 791.381
29 37 326.599
29 36 389.612
29 35 390.948
29 34 743.324
29 33 749.34
29 32 121.798
29 31 600.352
29 30 815.104
29 28 140.586
29 27 427.295
29 26 460.945
29 25 526.893
29 24 559.231
29 23 167.382
29 22 533.429
29 21 849.543
29 20 669.499
29 19 764.801
29 18 963.474
29 17 228.273
29 16 367.17
29 15 659.013
29 14 599.001
29 13 562.414
29 12 706.924
29 11 421.542
29 10 306.243
29 9 174.746
29 8 686.187
29 7 258.794
29 6 185.885
29 5 131.841
29 4 714.327
29 3 322.14
29 2 190.814
29 1 309.933
28 62 689.532
28 61 640.712
28 60 364.761
28 59 559.104
28 58 442.566
28 57 755.249
28 56 325.112
28 55 551.207
28 54 590.46
28 53 658.222
28 52 502.712
28 51 202.136
28 50 538.708
28 49 200.599
28 48 695.635
28 47 562.581
28 46 214.404
28 45 639.367
28 44 252.711
28 43 281.281
28 42 789.136
28 41 813.621
28 40 639.706
28 39 299.512
28 38 700.021
28 37 424.308
28 36 299.886
28 35 283.187
28 34 690.811
28 33 646.412
28 32 29.2662
28 31 471.653
28 30 674.873
28 29 140.586
28 27 371.319
28 26 341.598
28 25 500.962
28 24 418.706
28 23 140.442
28 22 407.55
28 21 738.45
28 20 529.705
28 19 681.153
28 18 822.901
28 17 130.44
28 16 283.041
28 15 533.613
28 14 493.938
28 13 427.414
28 12 589.068
28 11 519.795
28 10 405.211
28 9 115.126
28 8 602.026
28 7 152.75
28 6 187.619
28 5 266.133
28 4 574.074
28 3 193.579
28 2 272.066
28 1 175.699
27 62 973.537
27 61 980.145
27 60 382.911
27 59 507.969
27 58 813.454
27 57 1068.05
27 56 172.392
27 55 876.167
27 54 574.148
27 53 898.969
27 52 163.457
27 51 251.831
27 50 871.347
27 49 407.765
27 48 1024.78
27 47 581.394
27 46 260.608
27 45 927.18
27 44 271.972
27 43 152.973
27 42 1083.91
27 41 813.839
27 40 837.363
27 39 669.216
27 38 980.47
27 37 753.594
27 36 623.396
27 35 580.85
27 34 1028.31
27 33 904.778
27 32 356.902
27 31 663.302
27 30 715.526
27 29 427.295
27 28 371.319
27 26 236.719
27 25 153.828
27 24 499.191
27 23 260.632
27 22 625.385
27 21 966.374
27 20 528.815
27 19 977.273
27 18 812.505
27 17 244.472
27 16 615.907
27 15 730.61
27 14 762.599
27 13 387.466
27 12 808.851
27 11 847.896
27 10 733.191
27 9 485.258
27 8 902.344
27 7 487.554
27 6 247.379
27 5 463.865
27 4 578.046
27 3 271.277
27 2 614.707
27 1 435.777
26 62 781.568
26 61 829.461
26 60 149.687
26 59 282.89
26 58 748.974
26 57 890.994
26 56 65.1092
26 55 716.508
26 54 343.338
26 53 689.74
26 52 394.011
26 51 359.949
26 50 879.697
26 49 251.701
26 48 862.358
26 47 345.846
26 46 376.432
26 45 739.145
26 44 409.006
26 43 318.371
26 42 894.573
26 41 585.404
26 40 616.012
26 39 618.629
26 38 786.34
26 37 765.877
26 36 483.902
26 35 428.488
26 34 873.796
26 33 702.692
26 32 346.386
26 31 448.479
26 30 479.944
26 29 460.945
26 28 341.598
26 27 236.719
26 25 381.387
26 24 267.691
26 23 319.93
26 22 423.696
26 21 750.433
26 20 294.172
26 19 792.197
26 18 586.333
26 17 233.964
26 16 485.606
26 15 513.45
26 14 572.91
26 13 152.683
26 12 595.502
26 11 861.249
26 10 746.809
26 9 427.377
26 8 723.053
26 7 383.569
26 6 344.816
26 5 552.539
26 4 344.036
26 3 150.81
26 2 613.343
26 1 298.414
25 62 1126.63
25 61 1126.37
25 60 530.514
25 59 635.269
25 58 935.742
25 57 1219.07
25 56 319.917
25 55 1024.84
25 54 705.285
25 53 1052.76
25 52 16.7786
25 51 338.13
25 50 960.131
25 49 560.179
25 48 1173.29
25 47 718.903
25 46 339.514
25 45 1079.95
25 44 331.936
25 43 231.256
25 42 1236.59
25 41 939.419
25 40 989.991
25 39 790.179
25 38 1133.74
25 37 844.156
25 36 770.439
25 35 730.624
25 34 1175.14
25 33 1058.54
25 32 481.668
25 31 816.588
25 30 852.16
25 29 526.893
25 28 500.962
25 27 153.828
25 26 381.387
25 24 648.052
25 23 371.758
25 22 779.212
25 21 1119.82
25 20 665.286
25 19 1129.62
25 18 935.646
25 17 383.042
25 16 761.236
25 15 883.736
25 14 915.821
25 13 526.292
25 12 962.411
25 11 934.782
25 10 823.845
25 9 616.052
25 8 1054.12
25 7 630.235
25 6 341.455
25 5 528.608
25 4 713.019
25 3 424.096
25 2 717.678
25 1 585.697
24 62 548.174
24 61 647.626
24 60 118.03
24 59 193.015
24 58 686.277
24 57 672.268
24 56 328.2
24 55 530.621
24 54 188.95
24 53 437.979
24 52 660.079
24 51 543.559
24 50 888.86
24 49 221.221
24 48 663.358
24 47 148.397
24 46 561.084
24 45 512.591
24 44 601.005
24 43 544.129
24 42 660.882
24 41 395.13
24 40 352.713
24 39 591.859
24 38 550.084
24 37 790.601
24 36 364.083
24 35 303.477
24 34 684.406
24 33 459.297
24 32 440.437
24 31 199.662
24 30 257.246
24 29 559.231
24 28 418.706
24 27 499.191
24 26 267.691
24 25 648.052
24 23 482.699
24 22 204.433
24 21 490.501
24 20 132.388
24 19 567.173
24 18 405.214
24 17 387.379
24 16 379.76
24 15 257.162
24 14 355.122
24 13 151.512
24 12 341.374
24 11 877.603
24 10 775.176
24 9 438.976
24 8 509.23
24 7 352.096
24 6 525.531
24 5 682.36
24 4 164.565
24 3 277.697
24 2 644.21
24 1 262.711
23 62 823.912
23 61 781.144
23 60 398.543
23 59 583.784
23 58 563.998
23 57 894.28
23 56 278.43
23 55 690.926
23 54 629.636
23 53 782.705
23 52 371.469
23 51 67.2358
23 50 611.773
23 49 291.194
23 48 835.886
23 47 613.095
23 46 83.1428
23 45 774.119
23 44 124.446
23 43 143.993
23 42 925.871
23 41 866.384
23 40 752.229
23 39 418.426
23 38 833.795
23 37 493.967
23 36 437.845
23 35 414.931
23 34 831.251
23 33 775.011
23 32 115.362
23 31 577.89
23 30 737.726
23 29 167.382
23 28 140.442
23 27 260.632
23 26 319.93
23 25 371.758
23 24 482.699
23 22 519.748
23 21 860.675
23 20 571.191
23 19 817.615
23 18 872.184
23 17 96.6338
23 16 422.286
23 15 643.494
23 14 622.952
23 13 445.763
23 12 706.898
23 11 588.895
23 10 473.619
23 9 251.214
23 8 738.734
23 7 290.019
23 6 50.0257
23 5 233.453
23 4 619.8
23 3 209.091
23 2 354.201
23 1 286.951
22 62 358.172
22 61 443.482
22 60 292.31
22 59 390.863
22 58 529.991
22 57 473.735
22 56 470.716
22 55 326.588
22 54 365.929
22 53 274.038
22 52 788.381
22 51 586.864
22 50 766.553
22 49 232.357
22 48 459.523
22 47 312.389
22 46 602.843
22 45 317.314
22 44 644.064
22 43 623.582
22 42 471.4
22 41 503.081
22 40 232.977
22 39 467.696
22 38 362.669
22 37 684.674
22 36 208.019
22 35 162.965
22 34 479.982
22 33 280.509
22 32 435.914
22 31 69.7379
22 30 356.989
22 29 533.429
22 28 407.55
22 27 625.385
22 26 423.696
22 25 779.212
22 24 204.433
22 23 519.748
22 21 345.714
22 20 321.97
22 19 371.274
22 18 520.404
22 17 440.384
22 16 231.57
22 15 126.114
22 14 153.477
22 13 348.091
22 12 188.73
22 11 760.667
22 10 672.908
22 9 371.47
22 8 307.774
22 7 277.875
22 6 569.154
22 5 665.215
22 4 334.853
22 3 359.147
22 2 555.694
22 1 234.411
21 62 175.617
21 61 401.102
21 60 604.701
21 59 618.133
21 58 693.522
21 57 301.342
21 56 804.491
21 55 338.861
21 54 558.839
21 53 83.1685
21 52 1129.82
21 51 927.895
21 50 965.131
21 49 577.629
21 48 359.265
21 47 507.784
21 46 943.251
21 45 194.959
21 44 984.107
21 43 969.123
21 42 241.299
21 41 540.025
21 40 139.977
21 39 699.654
21 38 163.502
21 37 915.085
21 36 465.328
21 35 459.035
21 34 400.904
21 33 117.075
21 32 767.637
21 31 303.4
21 30 447.212
21 29 849.543
21 28 738.45
21 27 966.374
21 26 750.433
21 25 1119.82
21 24 490.501
21 23 860.675
21 22 345.714
21 20 548.696
21 19 218.358
21 18 563.599
21 17 785.139
21 16 490.359
21 15 237.072
21 14 251.99
21 13 639.762
21 12 157.825
21 11 968.34
21 10 909.278
21 9 676.114
21 8 243.469
21 7 592.401
21 6 910.552
21 5 979.617
21 4 528.949
21 3 704.046
21 2 819.915
21 1 573.769
20 62 637.824
20 61 762.64
20 60 172.649
20 59 72.2049
20 58 818.656
20 57 769.373
20 56 359.225
20 55 646.529
20 54 60.8251
20 53 512.369
20 52 679.38
20 51 625.835
20 50 1018.39
20 49 341.54
20 48 771.212
20 47 53.97
20 46 643.334
20 45 608.572
20 44 680.886
20 43 605.779
20 42 747.364
20 41 296.646
20 40 409.317
20 39 722.836
20 38 637.238
20 37 917.889
20 36 495.808
20 35 435.531
20 34 795.981
20 33 542.82
20 32 548.145
20 31 296.396
20 30 187.053
20 29 669.499
20 28 529.705
20 27 528.815
20 26 294.172
20 25 665.286
20 24 132.388
20 23 571.191
20 22 321.97
20 21 548.696
20 19 662.6
20 18 301.186
20 17 474.651
20 16 511.966
20 15 337.031
20 14 463.034
20 13 141.599
20 12 417.693
20 11 1006.35
20 10 901.887
20 9 563.578
20 8 613.291
20 7 480.236
20 6 608.528
20 5 786.341
20 4 50.2175
20 3 362.341
20 2 769.391
20 1 387.62
19 62 42.8157
19 61 185.67
19 60 663.473
19 59 734.798
19 58 517.612
19 57 106.888
19 56 834.527
19 55 158.477
19 54 689.819
19 53 179.56
19 52 1136.84
19 51 882.461
19 50 790.409
19 49 569.542
19 48 141.456
19 47 634.497
19 46 895.408
19 45 54.5864
19 44 933.81
19 43 945.564
19 42 108.347
19 41 727.659
19 40 292.78
19 39 558.732
19 38 56.2164
19 37 758.746
19 36 381.573
19 35 404.868
19 34 182.598
19 33 132.772
19 32 709.722
19 31 369.475
19 30 611.74
19 29 764.801
19 28 681.153
19 27 977.273
19 26 792.197
19 25 1129.62
19 24 567.173
19 23 817.615
19 22 371.274
19 21 218.358
19 20 662.6
19 18 750.487
19 17 760.793
19 16 400.628
19 15 326.854
19 14 219.315
19 13 716.467
19 12 253.721
19 11 797.807
19 10 756.659
19 9 592.291
19 8 79.2026
19 7 528.509
19 6 866.907
19 5 886.513
19 4 657.655
19 3 706.003
19 2 690.446
19 1 546.506
18 62 713.552
18 61 900.027
18 60 473.74
18 59 304.834
18 58 1050.35
18 57 851.311
18 56 650.001
18 55 795.759
18 54 244.669
18 53 571.864
18 52 951.045
18 51 926.975
18 50 1278.51
18 49 626.416
18 48 884.706
18 47 260.921
18 46 944.461
18 45 704.485
18 44 981.811
18 43 903.187
18 42 802.424
18 41 23.6729
18 40 457.734
18 39 978.232
18 38 706.666
18 37 1186.95
18 36 726.032
18 35 673.13
18 34 919.601
18 33 617.725
18 32 843.429
18 31 461.64
18 30 163.497
18 29 963.474
18 28 822.901
18 27 812.505
18 26 586.333
18 25 935.646
18 24 405.214
18 23 872.184
18 22 520.404
18 21 563.599
18 20 301.186
18 19 750.487
18 17 775.584
18 16 747.726
18 15 457.07
18 14 611.293
18 13 435.962
18 12 504.565
18 11 1269.87
18 10 1172.72
18 9 841.302
18 8 730.364
18 7 750.928
18 6 909.7
18 5 1084.02
18 4 252.422
18 3 663.166
18 2 1044.72
18 1 666.253
17 62 762.963
17 61 744.308
17 60 302.018
17 59 488.688
17 58 572.223
17 57 844.331
17 56 203.726
17 55 645.647
17 54 533.267
17 53 709.695
17 52 386.972
17 51 156.425
17 50 660.57
17 49 208.123
17 48 793.439
17 47 516.478
17 46 173.876
17 45 714.204
17 44 214.291
17 43 185.889
17 42 868.994
17 41 769.751
17 40 670.502
17 39 429.836
17 38 771.749
17 37 544.074
17 36 390.126
17 35 356.2
17 34 793.459
17 33 706.331
17 32 123.22
17 31 494.279
17 30 641.555
17 29 228.273
17 28 130.44
17 27 244.472
17 26 233.964
17 25 383.042
17 24 387.379
17 23 96.6338
17 22 440.384
17 21 785.139
17 20 474.651
17 19 760.793
17 18 775.584
17 16 379.274
17 15 561.134
17 14 556.297
17 13 350.911
17 12 629.03
17 11 640.017
17 10 524.288
17 9 241.734
17 8 683.093
17 7 247.343
17 6 138.309
17 5 321.212
17 4 523.186
17 3 112.457
17 2 394.882
17 1 215.962
16 62 412.838
16 61 365.163
16 60 410.264
16 59 570.585
16 58 307.507
16 57 472.214
16 56 506.156
16 55 268.782
16 54 566.129
16 53 407.221
16 52 765.853
16 51 485.177
16 50 534.985
16 49 233.955
16 48 415.097
16 47 518.323
