nnodes narcs type
102 10302  digraph 
nodename posx posy
102 951.616 585.376
101 707.602 56.3853
100 706.271 217.702
99 302.905 645.833
98 512.879 77.1011
97 408.409 589.508
96 0.815074 549.682
95 489.75 467.391
94 731.134 732.208
93 478.022 507.536
92 915.377 270.535
91 53.0917 654.245
90 12.2529 916.81
89 660.084 561.619
88 390.567 303.211
87 939.978 673.838
86 156.375 158.739
85 417.312 748.149
84 13.5568 610.295
83 632.375 774.491
82 219.218 803.09
81 108.721 513.386
80 415.118 951.003
79 957.983 312.395
78 266.954 46.5635
77 813.334 456.171
76 374.973 894.277
75 592.886 775.892
74 79.1905 310.524
73 189.149 294.554
72 364.309 298.387
71 96.4339 253.829
70 664.157 655.885
69 682.877 378.773
68 610.75 820.014
67 917.44 845.762
66 603.522 154.811
65 926.481 268.394
64 971.273 337.054
63 503.112 481.512
62 741.343 814.926
61 270.809 845.48
60 942.523 459.422
59 428.304 806.039
58 572.462 801.102
57 114.608 108.557
56 25.6344 560.94
55 342.53 192.851
54 870.222 318.087
53 988.978 183.706
52 394.16 992.92
51 505.843 575.103
50 621.736 604.136
49 252.82 199.496
48 388.869 336.346
47 752.034 628.323
46 210.963 41.4608
45 744.101 501.536
44 782.128 714.596
43 878.764 902.112
42 5.69359 413.77
41 814.76 230.32
40 17.2956 322.432
39 719.113 780.451
38 64.1247 834.272
37 853.839 552.6
36 734.972 429.537
35 497.665 651.198
34 579.996 829.493
33 673.931 821.902
32 848.165 188.147
31 516.625 385.065
30 932.354 494.867
29 0.294467 647.884
28 222.38 614.39
27 753.619 162.889
26 796.824 537.524
25 759.986 277.101
24 654.313 121.703
23 582.669 847.197
22 709.834 389.817
21 920.138 829.324
20 324.3 962.27
19 553.516 470.061
18 755.563 414.08
17 269.995 793.937
16 222.853 878.685
15 981.814 3.95275
14 667.451 524.751
13 780.587 770.014
12 220.569 183.099
11 13.8604 395.807
10 601.935 328.418
9 8.9394 731.551
8 463.372 364.893
7 834.412 876.699
6 151.637 125.503
5 440.455 115.895
4 631.54 180.467
3 784.769 810.539
2 818.553 829.23
1 683.627 768.819
tail head weight
102 101 582.558
102 100 442.016
102 99 651.523
102 98 671.441
102 97 543.223
102 96 951.471
102 95 476.698
102 94 264.9
102 93 479.949
102 92 316.92
102 91 901.16
102 90 996.119
102 89 292.499
102 88 628.008
102 87 89.2243
102 86 902.457
102 85 558.548
102 84 938.39
102 83 371.052
102 82 764.073
102 81 845.964
102 80 649.241
102 79 273.055
102 78 871.253
102 77 189.251
102 76 654.17
102 75 406.182
102 74 914.697
102 73 816.047
102 72 653.676
102 71 917.202
102 70 295.981
102 69 338.977
102 68 413.818
102 67 262.62
102 66 553.675
102 65 317.976
102 64 249.098
102 63 460.374
102 62 311.3
102 61 728.802
102 60 126.281
102 59 567.934
102 58 436.229
102 57 963.296
102 56 926.304
102 55 724.612
102 54 279.407
102 53 403.403
102 52 690.543
102 51 445.891
102 50 330.413
102 49 798.26
102 48 615.387
102 47 204.15
102 46 918.918
102 45 223.812
102 44 213.13
102 43 325.006
102 42 961.363
102 41 380.519
102 40 970.616
102 39 303.5
102 38 921.733
102 37 103.125
102 36 266.872
102 35 458.699
102 34 444.629
102 33 364.765
102 32 410.479
102 31 478.896
102 30 92.5356
102 29 953.373
102 28 729.813
102 27 466.581
102 26 162.02
102 25 362.981
102 24 550.801
102 23 452.408
102 22 310.969
102 21 245.971
102 20 731.83
102 19 414.466
102 18 260.344
102 17 712.815
102 16 785.574
102 15 582.207
102 14 290.56
102 13 251.68
102 12 834.421
102 11 956.725
102 10 433.941
102 9 953.943
102 8 535.719
102 7 314.016
102 6 922.741
102 5 694.045
102 4 516.14
102 3 280.243
102 2 277.796
102 1 324.761
101 102 582.558
101 100 161.322
101 99 715.002
101 98 195.821
101 97 611.34
101 96 861.91
101 95 465.172
101 94 676.232
101 93 506.205
101 92 298.38
101 91 886.464
101 90 1106.27
101 89 507.464
101 88 401.788
101 87 659.732
101 86 560.649
101 85 750.204
101 84 887.983
101 83 722.035
101 82 892.237
101 81 753.331
101 80 941.216
101 79 358.095
101 78 440.758
101 77 413.531
101 76 901.501
101 75 728.595
101 74 677.855
101 73 570.541
101 72 420.017
101 71 642.27
101 70 601.072
101 69 323.335
101 68 769.746
101 67 816.791
101 66 143.249
101 65 304.723
101 64 385.095
101 63 471.75
101 62 759.29
101 61 901.919
101 60 466.505
101 59 799.993
101 58 756.879
101 57 595.284
101 56 848.325
101 55 389.744
101 54 308.112
101 53 308.842
101 52 987.594
101 51 556.574
101 50 554.44
101 49 476.767
101 48 424.227
101 47 573.661
101 46 496.863
101 45 446.645
101 44 662.416
101 43 862.873
101 42 787.654
101 41 204.294
101 40 739.8
101 39 724.158
101 38 1009.54
101 37 517.314
101 36 374.154
101 35 630.774
101 34 783.568
101 33 766.256
101 32 192.663
101 31 380.135
101 30 492.727
101 29 922.038
101 28 739.465
101 27 116.02
101 26 489.341
101 25 226.847
101 24 84.2974
101 23 800.619
101 22 333.439
101 21 801.627
101 20 983.64
101 19 441.441
101 18 360.896
101 17 857.602
101 16 954.546
101 15 279.18
101 14 470.084
101 13 717.352
101 12 503.247
101 11 772.324
101 10 291.834
101 9 971.585
101 8 393.478
101 7 830.057
101 6 560.245
101 5 273.695
101 4 145.539
101 3 758.091
101 2 780.769
101 1 712.837
100 102 442.016
100 101 161.322
100 99 588.218
100 98 239.1
100 97 476.405
100 96 779.666
100 95 330.494
100 94 515.106
100 93 368.919
100 92 215.677
100 91 785.629
100 90 985.095
100 89 347.005
100 88 327.079
100 87 512.522
100 86 553.048
100 85 604.046
100 84 796.23
100 83 561.671
100 82 761.512
100 81 666.705
100 80 788.987
100 79 268.935
100 78 471.474
100 77 261.4
100 76 753.334
100 75 569.59
100 74 633.913
100 73 522.801
100 72 351.351
100 71 610.906
100 70 440.202
100 69 162.761
100 68 609.839
100 67 662.61
100 66 120.469
100 65 225.97
100 64 290.639
100 63 332.97
100 62 598.253
100 61 764.024
100 60 338
100 59 650.697
100 58 598.548
100 57 601.645
100 56 762.285
100 55 364.589
100 54 192.242
100 53 284.744
100 52 835.688
100 51 409.764
100 50 395.572
100 49 453.816
100 48 338.852
100 47 413.164
100 46 525.729
100 45 286.344
100 44 502.651
100 43 705.812
100 42 727.496
100 41 109.22
100 40 696.89
100 39 562.896
100 38 890.231
100 37 365.968
100 36 213.77
100 35 481.078
100 34 624.687
100 33 605.064
100 32 144.939
100 31 252.935
100 30 357.679
100 29 826.716
100 28 625.709
100 27 72.4316
100 26 332.394
100 25 80.0847
100 24 109.158
100 23 641.515
100 22 172.152
100 21 647.936
100 20 836.829
100 19 294.99
100 18 202.47
100 17 722.761
100 16 818.896
100 15 348.73
100 14 309.494
100 13 557.29
100 12 486.933
100 11 714.95
100 10 152.131
100 9 866.205
100 8 284.016
100 7 671.34
100 6 562.245
100 5 284.645
100 4 83.4937
100 3 598.011
100 2 621.751
100 1 551.582
99 102 651.523
99 101 715.002
99 100 588.218
99 98 606.255
99 97 119.598
99 96 317.022
99 95 258.365
99 94 436.854
99 93 223.142
99 92 718.311
99 91 249.955
99 90 397.375
99 89 366.973
99 88 353.659
99 87 637.689
99 86 508.657
99 85 153.485
99 84 291.522
99 83 353.699
99 82 178.138
99 81 235.053
99 80 325.147
99 79 735.057
99 78 600.347
99 77 544.527
99 76 258.686
99 75 317.812
99 74 403.088
99 73 369.239
99 72 352.831
99 71 443.055
99 70 361.392
99 69 464.435
99 68 353.705
99 67 646.239
99 66 575.737
99 65 728.909
99 64 736.248
99 63 259.007
99 62 469.916
99 61 202.211
99 60 666.229
99 59 203.447
99 58 311.078
99 57 569.317
99 56 289.975
99 55 454.712
99 54 655.184
99 53 827.199
99 52 358.882
99 51 214.911
99 50 321.547
99 49 449.138
99 48 321.204
99 47 449.471
99 46 611.326
99 45 464.194
99 44 484.131
99 43 630.312
99 42 377.078
99 41 659.277
99 40 431.463
99 39 437.438
99 38 304.18
99 37 558.767
99 36 483.183
99 35 194.834
99 34 332.431
99 33 410.683
99 32 711.888
99 31 337.159
99 30 647.3
99 29 302.617
99 28 86.446
99 27 660.59
99 26 505.655
99 25 587.27
99 24 631.031
99 23 344.696
99 22 480.766
99 21 643.93
99 20 317.159
99 19 306.108
99 18 508.536
99 17 151.716
99 16 246.228
99 15 934.306
99 14 384.128
99 13 493.56
99 12 470.003
99 11 382.177
99 10 436.087
99 9 306.208
99 8 323.538
99 7 579.481
99 6 541.873
99 5 547.499
99 4 569.708
99 3 509.236
99 2 547.292
99 1 400.094
98 102 671.441
98 101 195.821
98 100 239.1
98 99 606.255
98 97 522.949
98 96 696.809
98 95 390.975
98 94 690.507
98 93 431.844
98 92 446.565
98 91 737.902
98 90 977.619
98 89 506.386
98 88 257.072
98 87 733.831
98 86 365.732
98 85 677.819
98 84 730.492
98 83 707.553
98 82 783.133
98 81 594.717
98 80 879.354
98 79 503.469
98 78 247.814
98 77 483.701
98 76 828.731
98 75 703.357
98 74 492.516
98 73 389.983
98 72 266.534
98 71 452.393
98 70 598.227
98 69 346.274
98 68 749.332
98 67 868.625
98 66 119.394
98 65 455.697
98 64 526.973
98 63 404.529
98 62 772.387
98 61 805.608
98 60 575.12
98 59 733.828
98 58 726.448
98 57 399.511
98 56 686.664
98 55 205.954
98 54 431.008
98 53 487.888
98 52 923.481
98 51 498.052
98 50 538.159
98 49 287.422
98 48 287.379
98 47 600.867
98 46 304.013
98 45 483.331
98 44 692.022
98 43 902.504
98 42 608.755
98 41 338.538
98 40 552.983
98 39 732.963
98 38 880.164
98 37 585.109
98 36 416.577
98 35 574.299
98 34 755.38
98 33 762.014
98 32 353.196
98 31 307.987
98 30 592.02
98 29 767.161
98 28 610.794
98 27 255.568
98 26 540.938
98 25 317.902
98 24 148.3
98 23 773.252
98 22 369.571
98 21 855.394
98 20 905.034
98 19 395.055
98 18 415.271
98 17 756.866
98 16 852.439
98 15 474.606
98 14 473.585
98 13 742.83
98 12 310.936
98 11 592.109
98 10 266.629
98 9 825.99
98 8 292.019
98 7 861.823
98 6 364.471
98 5 82.1597
98 4 157.368
98 3 782.212
98 2 811.871
98 1 712.481
97 102 543.223
97 101 611.34
97 100 476.405
97 99 119.598
97 98 522.949
97 96 409.535
97 95 146.727
97 94 352.867
97 93 107.543
97 92 598.966
97 91 361.166
97 90 513.874
97 89 253.216
97 88 286.853
97 87 538.217
97 86 499.082
97 85 158.891
97 84 395.399
97 83 290.481
97 82 285.325
97 81 309.205
97 80 361.557
97 79 615.487
97 78 561.069
97 77 426.313
97 76 306.598
97 75 262.242
97 74 431.528
97 73 367.523
97 72 294.443
97 71 458.267
97 70 264.221
97 69 346.038
97 68 306.716
97 67 569.893
97 66 476.477
97 65 609.519
97 64 616.887
97 63 143.638
97 62 402.068
97 61 290.612
97 60 549.728
97 59 217.443
97 58 267.741
97 57 563.589
97 56 383.839
97 55 402.091
97 54 535.668
97 53 708.333
97 52 403.663
97 51 98.4936
97 50 213.829
97 49 419.901
97 48 253.915
97 47 345.811
97 46 582.53
97 45 347.028
97 44 394.098
97 43 564.761
97 42 439.39
97 41 542.344
97 40 473.602
97 39 364.687
97 38 422.423
97 37 446.956
97 36 363.64
97 35 108.5
97 34 295.017
97 33 352.858
97 32 595.379
97 31 231.317
97 30 532.424
97 29 412.268
97 28 187.685
97 27 548.793
97 26 391.879
97 25 470.324
97 24 528.499
97 23 311.079
97 22 361.571
97 21 565.136
97 20 382.133
97 19 187.946
97 18 388.961
97 17 246.879
97 16 343.59
97 15 819.554
97 14 267.013
97 13 413.641
97 12 447.719
97 11 439.532
97 10 324.993
97 9 423.972
97 8 231.242
97 7 513.767
97 6 530.314
97 5 474.697
97 4 465.942
97 3 436.465
97 2 475.063
97 1 328.478
96 102 951.471
96 101 861.91
96 100 779.666
96 99 317.022
96 98 696.809
96 97 409.535
96 95 495.811
96 94 752.783
96 93 479.064
96 92 956.214
96 91 116.903
96 90 367.306
96 89 659.377
96 88 461.145
96 87 947.334
96 86 420.756
96 85 461.366
96 84 61.9374
96 83 670.378
96 82 334.538
96 81 113.846
96 80 576.806
96 79 986.142
96 78 569.173
96 77 817.882
96 76 508.665
96 75 633.813
96 74 251.673
96 73 317.112
96 72 441.902
96 71 310.921
96 70 671.79
96 69 703.149
96 68 667.158
96 67 963.257
96 66 720.54
96 65 967.461
96 64 993.479
96 63 506.902
96 62 786.598
96 61 400.492
96 60 946.024
96 59 498.463
96 58 624.493
96 57 455.566
96 56 27.2532
96 55 494.062
96 54 899.725
96 53 1053.76
96 52 592.605
96 51 505.668
96 50 623.305
96 49 431.436
96 48 442.829
96 47 755.324
96 46 549.955
96 45 744.843
96 44 798.528
96 43 946.045
96 42 136
96 41 874.356
96 40 227.846
96 39 754.458
96 38 291.547
96 37 853.029
96 36 743.922
96 35 507.115
96 34 643.23
96 33 726.078
96 32 921.254
96 31 541.441
96 30 933.15
96 29 98.2037
96 28 230.821
96 27 846.358
96 26 796.102
96 25 806.623
96 24 781.169
96 23 653.505
96 22 726.818
96 21 960.913
96 20 524.282
96 19 558.406
96 18 766.833
96 17 363.48
96 16 396.918
96 15 1122.58
96 14 667.102
96 13 810.303
96 12 427.405
96 11 154.427
96 10 640.549
96 9 182.05
96 8 498.102
96 7 895.446
96 6 450.195
96 5 617.62
96 4 730.844
96 3 826.215
96 2 864.201
96 1 717.115
95 102 476.698
95 101 465.172
95 100 330.494
95 99 258.365
95 98 390.975
95 97 146.727
95 96 495.811
95 94 358.322
95 93 41.8227
95 92 468.946
95 91 474.957
95 90 655.729
95 89 194.66
95 88 191.814
95 87 495.304
95 86 454.318
95 85 289.952
95 84 497.173
95 83 338.603
95 82 431.14
95 81 383.795
95 80 489.337
95 79 493.22
95 78 476.166
95 77 323.779
95 76 442.047
95 75 325.285
95 74 439.507
95 73 346.747
95 72 210.471
95 71 447.556
95 70 256.803
95 69 212.489
95 68 372.805
95 67 571.037
95 66 332.641
95 65 479.932
95 64 498.851
95 63 19.4406
95 62 429.045
95 61 436.905
95 60 452.843
95 59 344.177
95 58 343.808
95 57 519.127
95 56 473.449
95 55 311.522
95 54 408.718
95 53 574.201
95 52 534.151
95 51 108.908
95 50 190.051
95 49 357.636
95 48 165.378
95 47 307.721
95 46 509.057
95 45 256.633
95 44 382.878
95 43 583.365
95 42 487.017
95 41 402.286
95 40 494.192
95 39 388.091
95 38 561.924
95 37 373.927
95 36 248.126
95 35 183.978
95 34 373.178
95 33 399.5
95 32 454.355
95 31 86.6018
95 30 443.456
95 29 521.674
95 28 305.115
95 27 402.925
95 26 314.981
95 25 330.511
95 24 382.86
95 23 391.007
95 22 233.356
95 21 562.343
95 20 521.803
95 19 63.8218
95 18 271.106
95 17 393.604
95 16 490.302
95 15 675.946
95 14 186.729
95 13 419.723
95 12 391.511
95 11 481.243
95 10 178.603
95 9 548.597
95 8 105.838
95 7 535.093
95 6 480.841
95 5 354.936
95 4 320.047
95 3 452.534
95 2 488.917
95 1 358.395
94 102 264.9
94 101 676.232
94 100 515.106
94 99 436.854
94 98 690.507
94 97 352.867
94 96 752.783
94 95 358.322
94 93 338.442
94 92 497.079
94 91 682.51
94 90 742.205
94 89 184.793
94 88 547.745
94 87 216.848
94 86 811.921
94 85 314.227
94 84 727.86
94 83 107.43
94 82 516.801
94 81 659.759
94 80 384.367
94 79 477.183
94 78 827.993
94 77 288.016
94 76 391.302
94 75 144.986
94 74 776.433
94 73 696.627
94 72 568.121
94 71 794.79
94 70 101.544
94 69 356.714
94 68 149.004
94 67 218.184
94 66 591.331
94 65 503.273
94 64 462.399
94 63 338.885
94 62 83.3454
94 61 474.057
94 60 345.105
94 59 311.701
94 58 172.983
94 57 876.952
94 56 725.991
94 55 664.77
94 54 436.854
94 53 606.084
94 52 426.054
94 51 274.659
94 50 168.435
94 49 715.937
94 48 523.309
94 47 105.966
94 46 864.702
94 45 231.036
94 44 53.9494
94 43 225.082
94 42 792.254
94 41 508.807
94 40 823.093
94 39 49.7186
94 38 674.773
94 37 217.521
94 36 302.695
94 35 247.125
94 34 179.742
94 33 106.382
94 32 556.505
94 31 408.071
94 30 311.159
94 29 735.688
94 28 522.218
94 27 569.763
94 26 205.468
94 25 456.02
94 24 615.32
94 23 187.789
94 22 343.053
94 21 212.495
94 20 467.379
94 19 316.654
94 18 319.064
94 17 465.253
94 16 528.966
94 15 770.192
94 14 217.011
94 13 62.2487
94 12 749.799
94 11 792.242
94 10 423.956
94 9 722.195
94 8 454.551
94 7 177.606
94 6 838.993
94 5 681.422
94 4 560.658
94 3 94.9342
94 2 130.597
94 1 59.9776
93 102 479.949
93 101 506.205
93 100 368.919
93 99 223.142
93 98 431.844
93 97 107.543
93 96 479.064
93 95 41.8227
93 94 338.442
93 92 497.442
93 91 449.543
93 90 620.037
93 89 189.925
93 88 222.255
93 87 490.979
93 86 474.464
93 85 248.154
93 84 475.697
93 83 308.366
93 82 392.851
93 81 369.348
93 80 447.907
93 79 518.115
93 78 506.996
93 77 339.223
93 76 400.235
93 75 291.906
93 74 444.837
93 73 358.899
93 72 238.063
93 71 458.232
93 70 238.02
93 69 241.962
93 68 339.499
93 67 554.513
93 66 374.386
93 65 508.237
93 64 521.882
93 63 36.1492
93 62 404.755
93 61 396.413
93 60 466.986
93 59 302.616
93 58 308.383
93 57 539.679
93 56 455.529
93 55 342.615
93 54 435.559
93 53 604.931
93 52 492.575
93 51 73.0712
93 50 173.163
93 49 381.581
93 48 193.014
93 47 299.454
93 46 537.165
93 45 266.146
93 44 367.905
93 43 562.392
93 42 481.546
93 41 436.166
93 40 496.52
93 39 364.154
93 38 527.321
93 37 378.509
93 36 268.527
93 35 144.999
93 34 337.72
93 33 370.414
93 32 488.891
93 31 128.411
93 30 454.508
93 29 497.917
93 28 277.075
93 27 441.288
93 26 320.209
93 25 364.148
93 24 424.2
93 23 355.416
93 22 259.99
93 21 546.822
93 20 480.014
93 19 84.2833
93 18 292.853
93 17 353.978
93 16 450.403
93 15 712.322
93 14 190.209
93 13 400.55
93 12 414.176
93 11 477.419
93 10 217.802
93 9 519.828
93 8 143.393
93 7 513.123
93 6 502.471
93 5 393.439
93 4 361.306
93 3 431.167
93 2 468.454
93 1 332.479
92 102 316.92
92 101 298.38
92 100 215.677
92 99 718.311
92 98 446.565
92 97 598.966
92 96 956.214
92 95 468.946
92 94 497.079
92 93 497.442
92 91 943.805
92 90 1110.54
92 89 387.175
92 88 525.826
92 87 404.052
92 86 767.191
92 85 690.061
92 84 963.699
92 83 577.98
92 82 876.5
92 81 842.419
92 80 844.569
92 79 59.7294
92 78 686.014
92 77 211.834
92 76 825.282
92 75 599.488
92 74 837.142
92 73 726.624
92 72 551.771
92 71 819.113
92 70 460.007
92 69 256.459
92 68 628.271
92 67 575.231
92 66 332.634
92 65 11.3094
92 64 86.8867
92 63 463.113
92 62 571.532
92 61 863.73
92 60 190.828
92 59 723.882
92 58 631.737
92 57 816.986
92 56 935.936
92 55 578.09
92 54 65.5758
92 53 113.826
92 52 890.789
92 51 510.372
92 50 444.425
92 49 666.354
92 48 530.605
92 47 393.31
92 46 740.725
92 45 287.571
92 44 463.622
92 43 632.637
92 42 920.89
92 41 108.356
92 40 899.579
92 39 546.383
92 38 1020.99
92 37 288.7
92 36 240.474
92 35 565.144
92 34 651.855
92 33 601.914
92 32 106.326
92 31 414.873
92 30 224.974
92 29 989.832
92 28 773.615
92 27 194.302
92 26 292.126
92 25 155.529
92 24 300.508
92 23 665.758
92 22 237.646
92 21 558.809
92 20 909.873
92 19 413.224
92 18 214.815
92 17 830.943
92 16 921.648
92 15 274.736
92 14 355.096
92 13 517.347
92 12 700.288
92 11 910.178
92 10 318.741
92 9 1016.94
92 8 461.748
92 7 611.547
92 6 777.389
92 5 499.464
92 4 297.784
92 3 555.574
92 2 567.023
92 1 549.541
91 102 901.16
91 101 886.464
91 100 785.629
91 99 249.955
91 98 737.902
91 97 361.166
91 96 116.903
91 95 474.957
91 94 682.51
91 93 449.543
91 92 943.805
91 90 265.722
91 89 614.019
91 88 486.944
91 87 887.103
91 86 506.155
91 85 376.131
91 84 59.1153
91 83 591.632
91 82 223.053
91 81 151.445
91 80 468.112
91 79 967.311
91 78 644.215
91 77 785.622
91 76 401.526
91 75 553.332
91 74 344.71
91 73 384.564
91 72 472.749
91 71 402.754
91 70 611.067
91 69 687.397
91 68 581.775
91 67 885.312
91 66 743.241
91 65 954.825
91 64 971.425
91 63 482.032
91 62 706.759
91 61 289.779
91 60 910.519
91 59 404.754
91 58 539.734
91 57 549.144
91 56 97.261
91 55 544.664
91 54 883.574
91 53 1047.52
91 52 480.654
91 51 459.617
91 50 570.848
91 49 496.677
91 48 462.391
91 47 699.423
91 46 632.793
91 45 707.682
91 44 731.53
91 43 862.075
91 42 245.102
91 41 871.694
91 40 333.738
91 39 677.874
91 38 180.366
91 37 807.173
91 36 717.951
91 35 444.583
91 34 555.284
91 33 643.079
91 32 921.623
91 31 536.023
91 30 893.59
91 29 53.1789
91 28 173.917
91 27 855.669
91 26 752.836
91 25 801.209
91 24 803.161
91 23 563.633
91 22 707.978
91 21 884.546
91 20 410.406
91 19 533.243
91 18 742.391
91 17 257.994
91 16 281.412
91 15 1133.76
91 14 627.858
91 13 736.649
91 12 500.027
91 11 261.398
91 10 638.273
91 9 89.0262
91 8 502.05
91 7 812.371
91 6 537.847
91 5 663.228
91 4 747.708
91 3 748.185
91 2 785.208
91 1 640.86
90 102 996.119
90 101 1106.27
90 100 985.095
90 99 397.375
90 98 977.619
90 97 513.874
90 96 367.306
90 95 655.729
90 94 742.205
90 93 620.037
90 92 1110.54
90 91 265.722
90 89 738.814
90 88 720.851
90 87 959.015
90 86 771.65
90 85 438.77
90 84 306.518
90 83 636.244
90 82 236.15
90 81 414.798
90 80 404.313
90 79 1122.37
90 78 906.753
90 77 924.077
90 76 363.419
90 75 597.488
90 74 609.97
90 73 646.912
90 72 711.612
90 71 668.304
90 70 702.183
90 69 859.78
90 68 606.274
90 67 907.971
90 66 964.49
90 65 1120.83
90 64 1120.64
90 63 656.07
90 62 736.175
90 61 268.215
90 60 1036.63
90 59 430.544
90 58 572.034
90 57 814.708
90 56 356.122
90 55 795.739
90 54 1046.22
90 53 1221.24
90 52 389.418
90 51 600.329
90 50 685.008
90 49 756.579
90 48 691.938
90 47 794.041
90 46 897.62
90 45 841.459
90 44 795.989
90 43 866.636
90 42 503.083
90 41 1056.07
90 40 594.399
90 39 719.893
90 38 97.4841
90 37 917.015
90 36 871.641
90 35 553.33
90 34 574.418
90 33 668.45
90 32 1108.92
90 31 732.901
90 30 1012.24
90 29 269.192
90 28 368.255
90 27 1057.37
90 26 871.441
90 25 984.039
90 24 1021.98
90 23 574.648
90 22 874.266
90 21 912.091
90 20 315.341
90 19 701.819
90 18 897.356
90 17 285.533
90 16 214.024
90 15 1331.67
90 14 763.541
90 13 782.231
90 12 762.711
90 11 521.005
90 10 833.025
90 9 185.289
90 8 712.826
90 7 823.137
90 6 803.489
90 5 908.198
90 4 962.142
90 3 779.792
90 2 811.043
90 1 687.492
89 102 292.499
89 101 507.464
89 100 347.005
89 99 366.973
89 98 506.386
89 97 253.216
89 96 659.377
89 95 194.66
89 94 184.793
89 93 189.925
89 92 387.175
89 91 614.019
89 90 738.814
89 88 373.383
89 87 301.552
89 86 645.008
89 85 306.156
89 84 648.357
89 83 214.667
89 82 502.664
89 81 553.469
89 80 460.031
89 79 388.403
89 78 647.946
89 77 186.024
89 76 438.12
89 75 224.563
89 74 632.84
89 73 541.39
89 72 395.947
89 71 642.212
89 70 94.3536
89 69 184.261
89 68 263.062
89 67 383.366
89 66 410.722
89 65 396.167
89 64 383.755
89 63 176.231
89 62 266.021
89 61 481.78
89 60 300.36
89 59 336.843
89 58 255.009
89 57 709.09
89 56 634.45
89 55 486.653
89 54 321.661
89 53 500.989
89 52 506.69
89 51 154.829
89 50 57.2553
89 49 544.974
89 48 352.57
89 47 113.597
89 46 687.222
89 45 103.29
89 44 195.695
89 43 404.668
89 42 670.885
89 41 365.628
89 40 685.848
89 39 226.654
89 38 655.368
89 37 193.965
89 36 151.835
89 35 185.484
89 34 279.59
89 33 260.65
89 32 418.158
89 31 227.49
89 30 280.333
89 29 665.405
89 28 440.873
89 27 409.554
89 26 138.847
89 25 301.548
89 24 439.955
89 23 295.885
89 22 178.861
89 21 373.221
89 20 522.754
89 19 140.498
89 18 175.739
89 17 454.027
89 16 540.094
89 15 643.819
89 14 37.5968
89 13 240.727
89 12 580.045
89 11 667.157
89 10 240.342
89 9 672.953
89 8 278.203
89 7 360.091
89 6 669.863
89 5 496.898
89 4 382.22
89 3 278.402
89 2 311.012
89 1 208.533
88 102 628.008
88 101 401.788
88 100 327.079
88 99 353.659
88 98 257.072
88 97 286.853
88 96 461.145
88 95 191.814
88 94 547.745
88 93 222.255
88 92 525.826
88 91 486.944
88 90 720.851
88 89 373.383
88 87 662.735
88 86 275.169
88 85 445.742
88 84 486.248
88 83 529.694
88 82 528.432
88 81 351.584
88 80 648.258
88 79 567.491
88 78 284.865
88 77 449.587
88 76 591.272
88 75 514.161
88 74 311.462
88 73 201.603
88 72 26.6971
88 71 298.249
88 70 446.353
88 69 301.919
88 68 561.753
88 67 756.279
88 66 259.561
88 65 537.044
88 64 581.692
88 63 210.85
88 62 620.4
88 61 555.336
88 60 573.636
88 59 504.243
88 58 530.077
88 57 337.703
88 56 446.766
88 55 120.361
88 54 479.886
88 53 610.228
88 52 689.718
88 51 295.321
88 50 379.467
88 49 172.426
88 48 33.1789
88 47 486.166
88 46 317.444
88 45 405.363
88 44 567.942
88 43 772.67
88 42 400.438
88 41 430.41
88 40 373.766
88 39 579.398
88 38 623.371
88 37 526.133
88 36 366.842
88 35 364.095
88 34 559.336
88 33 591.046
88 32 471.843
88 31 150.303
88 30 574.687
88 29 520.685
88 28 353.722
88 27 389.226
88 26 468.986
88 25 370.34
88 24 320.167
88 23 576.909
88 22 330.806
88 21 746.486
88 20 662.382
88 19 233.219
88 18 381.463
88 17 505.321
88 16 599.415
88 15 662.668
88 14 354.605
88 13 608.294
88 12 208.15
88 11 387.92
88 10 212.866
88 9 573.685
88 8 95.422
88 7 725.181
88 6 297.771
88 5 193.846
88 4 270.433
88 3 642.478
88 2 678.137
88 1 550.16
87 102 89.2243
87 101 659.732
87 100 512.522
87 99 637.689
87 98 733.831
87 97 538.217
87 96 947.334
87 95 495.304
87 94 216.848
87 93 490.979
87 92 404.052
87 91 887.103
87 90 959.015
87 89 301.552
87 88 662.735
87 86 937.743
87 85 527.923
87 84 928.598
87 83 323.653
87 82 732.258
87 81 846.601
87 80 593.548
87 79 361.891
87 78 920.019
87 77 251.828
87 76 606.486
87 75 361.785
87 74 934.319
87 73 841.19
87 72 687.283
87 71 942.324
87 70 276.405
87 69 391.362
87 68 360.221
87 67 173.396
87 66 618.54
87 65 405.668
87 64 338.234
87 63 477.327
87 62 243.642
87 61 690.832
87 60 214.431
87 59 528.477
87 58 388.927
87 57 1000.39
87 56 921.287
87 55 767.003
87 54 362.525
87 53 492.575
87 52 632.242
87 51 445.221
87 50 325.786
87 49 834.977
87 48 646.237
87 47 193.376
87 46 965.072
87 45 260.875
87 44 163.028
87 43 236.339
87 42 969.806
87 41 460.856
87 40 987.334
87 39 245.25
87 38 890.426
87 37 148.723
87 36 318.921
87 35 442.893
87 34 392.194
87 33 304.473
87 32 494.292
87 31 512.462
87 30 179.133
87 29 940.042
87 28 720.056
87 27 543.874
87 26 197.673
87 25 435.657
87 24 621.657
87 23 397.144
87 22 365.56
87 21 156.747
87 20 679.892
87 19 436.896
87 18 318.564
87 17 680.663
87 16 745.809
87 15 671.19
87 14 310.641
87 13 186.16
87 12 870.847
87 11 966.951
87 10 483.31
87 9 932.826
87 8 567.979
87 7 228.685
87 6 960.288
87 5 748.882
87 4 581.85
87 3 206.826
87 2 197.208
87 1 273.381
86 102 902.457
86 101 560.649
86 100 553.048
86 99 508.657
86 98 365.732
86 97 499.082
86 96 420.756
86 95 454.318
86 94 811.921
86 93 474.464
86 92 767.191
86 91 506.155
86 90 771.65
86 89 645.008
86 88 275.169
86 87 937.743
86 85 644.587
86 84 473.603
86 83 778.284
86 82 647.409
86 81 357.834
86 80 833.445
86 79 816.202
86 78 157.515
86 77 721.153
86 76 767.334
86 75 755.923
86 74 170.283
86 73 139.713
86 72 250.476
86 71 112.406
86 70 710.631
86 69 570.631
86 68 802.335
86 67 1025.29
86 66 447.164
86 65 777.874
86 64 834.18
86 63 473.718
86 62 879.073
86 61 696.21
86 60 841.689
86 59 702.099
86 58 765.348
86 57 65.2892
86 56 422.917
86 55 189.255
86 54 731.416
86 53 832.978
86 52 867.41
86 51 543.588
86 50 644.158
86 49 104.704
86 48 292.571
86 47 758.498
86 46 129.36
86 45 680.391
86 44 836.985
86 43 1036.56
86 42 296.219
86 41 662.264
86 40 214.799
86 39 838.571
86 38 681.803
86 37 800.988
86 36 638.831
86 35 599.162
86 34 793.326
86 33 841.219
86 32 692.415
86 31 425.445
86 30 845.651
86 29 513.444
86 28 460.407
86 27 597.259
86 26 744.079
86 25 615.106
86 24 499.314
86 23 809.754
86 22 599.762
86 21 1016.38
86 20 820.89
86 19 504.621
86 18 651.326
86 17 645.279
86 16 723.009
86 15 839.827
86 14 628.62
86 13 873.669
86 12 68.6603
86 11 276.608
86 10 476.775
86 9 591.482
86 8 369.793
86 7 987.522
86 6 33.5723
86 5 287.293
86 4 475.661
86 3 905.386
86 2 942.358
86 1 806.345
85 102 558.548
85 101 750.204
85 100 604.046
85 99 153.485
85 98 677.819
85 97 158.891
85 96 461.366
85 95 289.952
85 94 314.227
85 93 248.154
85 92 690.061
85 91 376.131
85 90 438.77
85 89 306.156
85 88 445.742
85 87 527.923
85 86 644.587
85 84 426.641
85 83 216.67
85 82 205.572
85 81 387.74
85 80 202.866
85 79 694.411
85 78 717.517
85 77 492.021
85 76 152.138
85 75 177.752
85 74 553.03
85 73 507.747
85 72 452.875
85 71 589.334
85 70 263.524
85 69 454.933
85 68 206.356
85 67 509.565
85 66 621.871
85 65 699.584
85 64 689.835
85 63 280.102
85 62 330.841
85 61 175.887
85 60 599.341
85 59 58.9243
85 58 163.937
85 57 707.607
85 56 434.118
85 55 560.311
85 54 624.564
85 53 803.367
85 52 245.863
85 51 194.378
85 50 250.058
85 49 572.781
85 48 412.784
85 47 355.524
85 46 736.199
85 45 409.401
85 44 366.356
85 43 486.459
85 42 530.32
85 41 652.772
85 40 584.164
85 39 303.525
85 38 363.536
85 37 478.325
85 36 449.913
85 35 125.921
85 34 181.887
85 33 267.007
85 32 706.567
85 31 376.421
85 30 573.951
85 29 428.902
85 28 236.411
85 27 675.005
85 26 434.042
85 25 582.504
85 24 669.78
85 23 192.752
85 22 462.57
85 21 509.336
85 20 233.45
85 19 309.652
85 18 475.411
85 17 154.269
85 16 234.209
85 15 934.072
85 14 335.374
85 13 363.932
85 12 598.323
85 11 535.647
85 10 458.541
85 9 408.71
85 8 386.014
85 7 436.46
85 6 676.958
85 5 632.678
85 4 606.759
85 3 372.716
85 2 409.352
85 1 267.116
84 102 938.39
84 101 887.983
84 100 796.23
84 99 291.522
84 98 730.492
84 97 395.399
84 96 61.9374
84 95 497.173
84 94 727.86
84 93 475.697
84 92 963.699
84 91 59.1153
84 90 306.518
84 89 648.357
84 88 486.248
84 87 928.598
84 86 473.603
84 85 426.641
84 83 640.231
84 82 281.898
84 81 135.821
84 80 526.625
84 79 990.296
84 78 618.064
84 77 814.492
84 76 459.639
84 75 602.532
84 74 306.871
84 73 361.283
84 72 469.376
84 71 365.973
84 70 652.195
84 69 708.232
84 68 632.947
84 67 934.05
84 66 745.335
84 65 974.847
84 64 995.932
84 63 506.211
84 62 756.007
84 61 348.556
84 60 941.138
84 59 458.618
84 58 590.578
84 57 511.813
84 56 50.811
84 55 531.491
84 54 905.13
84 53 1064.62
84 52 539.686
84 51 493.543
84 50 608.211
84 49 475.397
84 48 464.658
84 47 738.698
84 46 602.114
84 45 738.595
84 44 775.616
84 43 913.094
84 42 196.682
84 41 886.739
84 40 287.886
84 39 725.785
84 38 229.615
84 37 842.26
84 36 743.715
84 35 485.833
84 34 607.372
84 33 693.449
84 32 935.296
84 31 551.186
84 30 926.019
84 29 39.8608
84 28 208.863
84 27 864.791
84 26 786.64
84 25 817.419
84 24 805.786
84 23 616.45
84 22 730.351
84 21 932.665
84 20 469.519
84 19 557.872
84 18 767.511
84 17 315.412
84 16 340.351
84 15 1142.44
84 14 659.466
84 13 783.483
84 12 474.711
84 11 214.487
84 10 652.413
84 9 121.344
84 8 512.402
84 7 863.003
84 6 504.073
84 5 653.202
84 4 752.765
84 3 796.785
84 2 834.238
84 1 688.567
83 102 371.052
83 101 722.035
83 100 561.671
83 99 353.699
83 98 707.553
83 97 290.481
83 96 670.378
83 95 338.603
83 94 107.43
83 93 308.366
83 92 577.98
83 91 591.632
83 90 636.244
83 89 214.667
83 88 529.694
83 87 323.653
83 86 778.284
83 85 216.67
83 84 640.231
83 82 414.146
83 81 585.14
83 80 279.924
83 79 565.29
83 78 814.5
83 77 366.16
83 76 283.909
83 75 39.5137
83 74 721.995
83 73 653.29
83 72 546.383
83 71 747.209
83 70 122.79
83 69 398.927
83 68 50.3986
83 67 293.84
83 66 620.351
83 65 585.348
83 64 553.356
83 63 320.227
83 62 116.229
83 61 368.469
83 60 442.109
83 59 206.495
83 58 65.5568
83 57 843.534
83 56 643.224
83 55 649.858
83 54 514.66
83 53 690.067
83 52 323.198
83 51 236.147
83 50 170.687
83 49 688.97
83 48 501.264
83 47 188.9
83 46 845.53
83 45 294.935
83 44 161.287
83 43 277.48
83 42 723.083
83 41 573.922
83 40 763.334
83 39 86.9434
83 38 571.386
83 37 313.499
83 36 359.888
83 35 182.614
83 34 75.9527
83 33 63.0457
83 32 624.791
83 31 406.264
83 30 410.094
83 29 644.635
83 28 440.145
83 27 623.504
83 26 288.439
83 25 513.499
83 24 653.156
83 23 88.0734
83 22 392.395
83 21 292.941
83 20 360.792
83 19 314.478
83 18 380.882
83 17 362.901
83 16 422.568
83 15 846.071
83 14 252.19
83 13 148.28
83 12 720.645
83 11 725.232
83 10 447.11
83 9 624.912
83 8 443.094
83 7 226.419
83 6 807.647
83 5 685.99
83 4 594.024
83 3 156.6
83 2 194.059
83 1 51.5652
82 102 764.073
82 101 892.237
82 100 761.512
82 99 178.138
82 98 783.133
82 97 285.325
82 96 334.538
82 95 431.14
82 94 516.801
82 93 392.851
82 92 876.5
82 91 223.053
82 90 236.15
82 89 502.664
82 88 528.432
82 87 732.258
82 86 647.409
82 85 205.572
82 84 281.898
82 83 414.146
82 81 310.062
82 80 245.469
82 79 886.88
82 78 758.031
82 77 687.988
82 76 180.485
82 75 374.657
82 74 512.083
82 73 509.425
82 72 525.145
82 71 562.817
82 70 468.658
82 69 628.51
82 68 391.898
82 67 699.525
82 66 753.628
82 65 886.635
82 64 884.747
82 63 428.962
82 62 522.26
82 61 66.7729
82 60 800.799
82 59 209.107
82 58 353.25
82 57 702.367
82 56 310.018
82 55 622.574
82 54 811.809
82 53 988.012
82 52 258.148
82 51 366.241
82 50 449.004
82 49 604.529
82 48 496.62
82 47 560.747
82 46 761.674
82 45 605.341
82 44 569.824
82 43 666.939
82 42 444.03
82 41 826.278
82 40 521.349
82 39 500.408
82 38 158.196
82 37 682.268
82 36 636.823
82 35 317.181
82 34 361.743
82 33 455.103
82 32 879.619
82 31 513.027
82 30 776.894
82 29 268.358
82 28 188.727
82 27 833.932
82 26 635.732
82 25 754.384
82 24 808.453
82 23 366.118
82 22 641.482
82 21 701.411
82 20 190.737
82 19 471.873
82 18 662.567
82 17 51.5957
82 16 75.6821
82 15 1104.61
82 14 527.622
82 13 562.343
82 12 619.993
82 11 456.126
82 10 609.743
82 9 222.114
82 8 501.626
82 7 619.582
82 6 680.949
82 5 721.931
82 4 746.773
82 3 565.601
82 2 599.906
82 1 465.672
81 102 845.964
81 101 753.331
81 100 666.705
81 99 235.053
81 98 594.717
81 97 309.205
81 96 113.846
81 95 383.795
81 94 659.759
81 93 369.348
81 92 842.419
81 91 151.445
81 90 414.798
81 89 553.469
81 88 351.584
81 87 846.601
81 86 357.834
81 85 387.74
81 84 135.821
81 83 585.14
81 82 310.062
81 80 534.217
81 79 872.722
81 78 492.911
81 77 706.932
81 76 464.724
81 75 550.75
81 74 205
81 73 233.145
81 72 333.991
81 71 259.847
81 70 573.424
81 69 589.726
81 68 588.264
81 67 874.357
81 66 611.068
81 65 853.671
81 64 880.392
81 63 395.677
81 62 700.812
81 61 369.539
81 60 835.547
81 59 433.335
81 58 545.744
81 57 404.872
81 56 95.7323
81 55 396.749
81 54 786.146
81 53 939.969
81 52 558.058
81 51 401.89
81 50 520.981
81 49 345.386
81 48 331.4
81 47 653.501
81 46 482.874
81 45 635.491
81 44 702.825
81 43 862.598
81 42 143.311
81 41 760.669
81 40 211.712
81 39 666.261
81 38 323.971
81 37 746.149
81 36 631.839
81 35 412.638
81 34 567.472
81 33 643.929
81 32 807.811
81 31 427.612
81 30 823.841
81 29 172.76
81 28 152.053
81 27 733.991
81 26 688.527
81 25 692.804
81 24 671.63
81 23 579.704
81 22 613.683
81 21 870.755
81 20 497.967
81 19 446.9
81 18 654.421
81 17 323.602
81 16 382.714
81 15 1010.85
81 14 558.846
81 13 719.21
81 12 348.712
81 11 151.073
81 10 526.758
81 9 239.9
81 8 384.484
81 7 811.556
81 6 390.25
81 5 517.733
81 4 619.819
81 3 738.473
81 2 776.93
81 1 629.097
80 102 649.241
80 101 941.216
80 100 788.987
80 99 325.147
80 98 879.354
80 97 361.557
80 96 576.806
80 95 489.337
80 94 384.367
80 93 447.907
80 92 844.569
80 91 468.112
80 90 404.313
80 89 460.031
80 88 648.258
80 87 593.548
80 86 833.445
80 85 202.866
80 84 526.625
80 83 279.924
80 82 245.469
80 81 534.217
80 79 838.167
80 78 916.496
80 77 635.165
80 76 69.4945
80 75 249.53
80 74 723.229
80 73 694.254
80 72 654.592
80 71 766.558
80 70 386.154
80 69 631.777
80 68 235.436
80 67 513.228
80 66 818.18
80 65 852.906
80 64 828.397
80 63 477.667
80 62 353.469
80 61 178.774
80 60 720.977
80 59 145.563
80 58 217.319
80 57 894.439
80 56 551.223
80 55 761.62
80 54 779.553
80 53 958.155
80 52 46.8634
80 51 386.694
80 50 403.743
80 49 768.833
80 48 615.218
80 47 466.514
80 46 932.173
80 45 557.001
80 44 436.56
80 43 466.217
80 42 675.461
80 41 824.074
80 40 743.884
80 39 348.57
80 38 369.895
80 37 592.623
80 36 611.746
80 35 310.961
80 34 204.816
80 33 289.226
80 32 877.2
80 31 574.969
80 30 689.633
80 29 513.77
80 28 387.887
80 27 857.734
80 26 562.73
80 25 757.019
80 24 863.107
80 23 197.102
80 22 633.867
80 21 519.472
80 20 91.5142
80 19 500.46
80 18 635.759
80 17 213.847
80 16 205.416
80 15 1103.65
80 14 495.341
80 13 407.829
80 12 792.166
80 11 685.018
80 10 650.01
80 9 461.671
80 8 588.093
80 7 425.827
80 6 866.53
80 5 835.493
80 4 800.353
80 3 395.44
80 2 421.413
80 1 324.482
79 102 273.055
79 101 358.095
79 100 268.935
79 99 735.057
79 98 503.469
79 97 615.487
79 96 986.142
79 95 493.22
79 94 477.183
79 93 518.115
79 92 59.7294
79 91 967.311
79 90 1122.37
79 89 388.403
79 88 567.491
79 87 361.891
79 86 816.202
79 85 694.411
79 84 990.296
79 83 565.29
79 82 886.88
79 81 872.722
79 80 838.167
79 78 740.397
79 77 203.949
79 76 823.704
79 75 590.022
79 74 878.795
79 73 769.041
79 72 593.839
79 71 863.538
79 70 452.017
79 69 283
79 68 615.019
79 67 534.906
79 66 387.912
79 65 54.115
79 64 28.0127
79 63 485.292
79 62 547.238
79 61 869.706
79 60 147.838
79 59 724.048
79 58 622.464
79 57 867.658
79 56 964.909
79 55 626.956
79 54 87.9457
79 53 132.369
79 52 883.748
79 51 522.921
79 50 445.168
79 49 714.144
79 48 569.618
79 47 377.128
79 46 794.635
79 45 285.517
79 44 438.966
79 43 595.014
79 42 957.67
79 41 165.074
79 40 940.741
79 39 525.486
79 38 1035.06
79 37 261.81
79 36 251.906
79 35 571.56
79 34 640.519
79 33 583.337
79 32 165.824
79 31 447.301
79 30 184.263
79 29 1014.75
79 28 795.181
79 27 253.213
79 26 276.867
79 25 201.118
79 24 358.579
79 23 653.356
79 22 259.946
79 21 518.312
79 20 907.685
79 19 434.111
79 18 226.526
79 17 839.768
79 16 927.955
79 15 309.362
79 14 359.867
79 13 490.8
79 12 748.664
79 11 947.8
79 10 356.409
79 9 1037.49
79 8 497.389
79 7 577.675
79 6 827.722
79 5 553.577
79 4 352.094
79 3 527.4
79 2 535.312
79 1 532.536
78 102 871.253
78 101 440.758
78 100 471.474
78 99 600.347
78 98 247.814
78 97 561.069
78 96 569.173
78 95 476.166
78 94 827.993
78 93 506.996
78 92 686.014
78 91 644.215
78 90 906.753
78 89 647.946
78 88 284.865
78 87 920.019
78 86 157.515
78 85 717.517
78 84 618.064
78 83 814.5
78 82 758.031
78 81 492.911
78 80 916.496
78 79 740.397
78 77 682.869
78 76 854.568
78 75 798.844
78 74 323.93
78 73 259.909
78 72 269.987
78 71 268.395
78 70 727.353
78 69 532.312
78 68 846.417
78 67 1030.46
78 66 353.547
78 65 695.835
78 64 761.873
78 63 494.925
78 62 903.009
78 61 798.926
78 60 791.736
78 59 776.426
78 58 814.041
78 57 164.476
78 56 568.171
78 55 164.656
78 54 661.557
78 53 734.934
78 52 954.867
78 51 580.02
78 50 660.876
78 49 153.584
78 48 314.384
78 47 757.461
78 46 56.2228
78 45 659.295
78 44 843.607
78 43 1051.8
78 42 450.663
78 41 577.804
78 40 372.066
78 39 861.998
78 38 813.403
78 37 774.924
78 36 604.739
78 35 647.156
78 34 843.193
78 33 875.66
78 32 598.208
78 31 420.618
78 30 802.33
78 29 657.795
78 28 569.573
78 27 500.375
78 26 722.361
78 25 544.269
78 24 394.58
78 23 860.634
78 22 560.327
78 21 1019.49
78 20 917.5
78 19 511.339
78 18 611.398
78 17 747.379
78 16 833.289
78 15 716.129
78 14 623.748
78 13 887.243
78 12 144.199
78 11 431.309
78 10 437.783
78 9 731.969
78 8 374.051
78 7 1005.55
78 6 139.748
78 5 186.841
78 4 388.398
78 3 922.926
78 2 957.512
78 1 833.828
77 102 189.251
77 101 413.531
77 100 261.4
77 99 544.527
77 98 483.701
77 97 426.313
77 96 817.882
77 95 323.779
77 94 288.016
77 93 339.223
77 92 211.834
77 91 785.622
77 90 924.077
77 89 186.024
77 88 449.587
77 87 251.828
77 86 721.153
77 85 492.021
77 84 814.492
77 83 366.16
77 82 687.988
77 81 706.932
77 80 635.165
77 79 203.949
77 78 682.869
77 76 619.756
77 75 388.354
77 74 748.451
77 73 644.768
77 72 475.94
77 71 744.908
77 70 249.278
77 69 151.688
77 68 416.44
77 67 403.261
77 66 367.205
77 65 219.232
77 64 197.822
77 63 311.255
77 62 365.906
77 61 667.753
77 60 129.23
77 59 520.246
77 58 420.709
77 57 780.418
77 56 794.636
77 55 539.439
77 54 149.343
77 53 324.173
77 52 681.032
77 51 329.69
77 50 242.081
77 49 616.488
77 48 441.054
77 47 182.74
77 46 731.324
77 45 82.7718
77 44 260.302
77 43 450.715
77 42 808.753
77 41 225.856
77 40 807.194
77 39 337.691
77 38 839.211
77 37 104.59
77 36 82.7649
77 35 371.056
77 34 440.245
77 33 391.397
77 32 270.278
77 31 305.11
77 30 125.152
77 29 835.336
77 28 611.767
77 27 299.3
77 26 83.011
77 25 186.848
77 24 370.347
77 23 453.991
77 22 122.943
77 21 388.137
77 20 703.768
77 19 260.189
77 18 71.4782
77 17 639.768
77 16 726.075
77 15 482.584
77 14 161.199
77 13 315.547
77 12 652.64
77 11 801.749
77 10 247.003
77 9 850.226
77 8 361.669
77 7 421.055
77 6 739.719
77 5 504.804
77 4 330.245
77 3 355.517
77 2 373.096
77 1 338.486
76 102 654.17
76 101 901.501
76 100 753.334
76 99 258.686
76 98 828.731
76 97 306.598
76 96 508.665
76 95 442.047
76 94 391.302
76 93 400.235
76 92 825.282
76 91 401.526
76 90 363.419
76 89 438.12
76 88 591.272
76 87 606.486
76 86 767.334
76 85 152.138
76 84 459.639
76 83 283.909
76 82 180.485
76 81 464.724
76 80 69.4945
76 79 823.704
76 78 854.568
76 77 619.756
76 75 247.994
76 74 654.412
76 73 627.852
76 72 595.986
76 71 698.396
76 70 374.777
76 69 600.458
76 68 247.196
76 67 544.632
76 66 773.98
76 65 834.201
76 64 816.132
76 63 432.198
76 62 374.865
76 61 115.027
76 60 714.991
76 59 103.102
76 58 218.366
76 57 827.735
76 56 482.857
76 55 702.176
76 54 759.78
76 53 939.103
76 52 100.491
76 51 344.962
76 50 380.886
76 49 705.437
76 48 558.104
76 47 461.418
76 46 868.444
76 45 538.981
76 44 445.04
76 43 503.853
76 42 606.015
76 41 796.399
76 40 674.492
76 39 362.476
76 38 316.587
76 37 588.265
76 36 587.863
76 35 272.288
76 34 215.015
76 33 307.595
76 32 850.018
76 31 528.547
76 30 685.713
76 29 448.434
76 28 318.781
76 27 823.591
76 26 552.477
76 25 727.421
76 24 821.524
76 23 212.965
76 22 605.485
76 21 549.021
76 20 84.7984
76 19 460.258
76 18 612.73
76 17 145.219
76 16 152.916
76 15 1077.47
76 14 471.267
76 13 424.222
76 12 727.747
76 11 615.528
76 10 609.679
76 9 400.575
76 8 536.714
76 7 459.775
76 6 800.558
76 5 781.132
76 4 758.52
76 3 418.265
76 2 448.324
76 1 333.177
