nnodes narcs type
42 1722  digraph 
nodename posx posy
42 400.854 770.507
41 268.994 804.686
40 386.515 254.056
39 351.106 630.361
38 617.557 590.296
37 591.623 965.577
36 942.384 572.92
35 659.99 893.495
34 563.834 830.88
33 390.676 713.207
32 737.558 762.291
31 672.64 927.899
30 803.056 804.247
29 327.691 836.679
28 247.65 465.006
27 697.49 97.7589
26 234.239 691.891
25 742.567 707.301
24 293.524 854.023
23 290.935 269.265
22 406.26 408.344
21 241.841 264.914
20 243.751 823.86
19 786.653 48.4621
18 954.812 555.931
17 230.723 264.282
16 191.137 392.259
15 635.795 302.111
14 453.912 796.891
13 22.7734 765.174
12 772.635 529.327
11 221.719 941.745
10 939.636 743.427
9 994.11 147.589
8 314.592 515.219
7 817.804 983.351
6 673.306 709.39
5 675.788 950.195
4 841.765 779.918
3 455.539 146.065
2 364.683 379.245
1 698.519 565.396
tail head weight
42 41 136.217
42 40 516.65
42 39 148.714
42 38 281.845
42 37 272.846
42 36 576.451
42 35 286.841
42 34 173.803
42 33 58.1969
42 32 336.805
42 31 314.07
42 30 403.615
42 29 98.6481
42 28 341.764
42 27 735.244
42 26 184.231
42 25 347.51
42 24 135.994
42 23 513.153
42 22 362.203
42 21 530.01
42 20 165.915
42 19 818.652
42 18 594.065
42 17 534.05
42 16 432.496
42 15 524.016
42 14 59.2562
42 13 378.118
42 12 443.159
42 11 247.814
42 10 539.463
42 9 860.22
42 8 269.468
42 7 468.135
42 6 279.223
42 5 328.446
42 4 441.012
42 3 626.832
42 2 392.931
42 1 361.49
41 42 136.217
41 40 563.031
41 39 192.695
41 38 409.217
41 37 360.52
41 36 712.158
41 35 400.955
41 34 296.001
41 33 152.232
41 32 470.477
41 31 422.033
41 30 534.062
41 29 66.8494
41 28 340.35
41 27 826.652
41 26 118.028
41 25 483.482
41 24 55.0988
41 23 535.87
41 22 419.438
41 21 540.455
41 20 31.7002
41 19 916.43
41 18 729.537
41 17 541.757
41 16 419.712
41 15 622.193
41 14 185.082
41 13 249.371
41 12 574.001
41 11 144.984
41 10 673.434
41 9 978.554
41 8 293.036
41 7 577.16
41 6 415.39
41 5 432.035
41 4 573.306
41 3 684.529
41 2 436.069
41 1 491.681
40 42 516.65
40 41 563.031
40 39 377.967
40 38 407.968
40 37 740.494
40 36 640.831
40 35 695.465
40 34 603.463
40 33 459.17
40 32 617.684
40 31 732.074
40 30 690.084
40 29 585.585
40 28 252.554
40 27 348.043
40 26 463.56
40 25 576.371
40 24 607.13
40 23 96.7825
40 22 155.546
40 21 145.081
40 20 587.417
40 19 449.866
40 18 643.498
40 17 156.128
40 16 239.316
40 15 253.869
40 14 547.002
40 13 627.335
40 12 474.197
40 11 707.159
40 10 738.53
40 9 616.852
40 8 270.886
40 7 847.279
40 6 538.124
40 5 753.849
40 4 695.545
40 3 128.165
40 2 127.078
40 1 440.771
39 42 148.714
39 41 192.695
39 40 377.967
39 38 269.447
39 37 412.575
39 36 594.061
39 35 405.77
39 34 292.337
39 33 91.8109
39 32 408.351
39 31 438.079
39 30 484.247
39 29 207.642
39 28 195.053
39 27 635.332
39 26 132.075
39 25 398.95
39 24 230.955
39 23 366.075
39 22 228.765
39 21 381.433
39 20 221.285
39 19 726.848
39 18 608.277
39 17 385.365
39 16 286.85
39 15 434.507
39 14 195.707
39 13 354.932
39 12 433.469
39 11 337.196
39 10 599.292
39 9 804.066
39 8 120.793
39 7 585.158
39 6 331.751
39 5 455.755
39 4 512.946
39 3 495.428
39 2 251.483
39 1 353.435
38 42 281.845
38 41 409.217
38 40 407.968
38 39 269.447
38 37 376.176
38 36 325.291
38 35 306.154
38 34 246.509
38 33 258.035
38 32 209.72
38 31 342.067
38 30 283.169
38 29 380.43
38 28 390.55
38 27 498.981
38 26 396.554
38 25 171.224
38 24 417.791
38 23 457.977
38 22 278.842
38 21 497.028
38 20 440.776
38 19 567.607
38 18 339.001
38 17 505.892
38 16 470.163
38 15 288.762
38 14 263.555
38 13 619.96
38 12 166.633
38 11 529.343
38 10 356.628
38 9 581.189
38 8 312.129
38 7 441.125
38 6 131.496
38 5 364.58
38 4 293.642
38 3 472.854
38 2 329.375
38 1 84.7041
37 42 272.846
37 41 360.52
37 40 740.494
37 39 412.575
37 38 376.176
37 36 526.51
37 35 99.3473
37 34 137.534
37 33 322.599
37 32 250.244
37 31 89.3503
37 30 265.954
37 29 293.726
37 28 607.362
37 27 874.252
37 26 450.141
37 25 299.15
37 24 318.287
37 23 758.461
37 22 587.254
37 21 783.12
37 20 375.63
37 19 937.623
37 18 547.464
37 17 788.71
37 16 699.344
37 15 664.935
37 14 217.76
37 13 603.118
37 12 472.313
37 11 370.671
37 10 412.873
37 9 911.646
37 8 528.742
37 7 226.879
37 6 268.894
37 5 85.5594
37 4 311.513
37 3 830.733
37 2 628.718
37 1 414.212
36 42 576.451
36 41 712.158
36 40 640.831
36 39 594.061
36 38 325.291
36 37 526.51
36 35 427.217
36 34 458.086
36 33 569.264
36 32 278.954
36 31 445.838
36 30 270.045
36 29 668.892
36 28 703.065
36 27 534.557
36 26 718.069
36 25 240.801
36 24 707.133
36 23 718.743
36 22 560.816
36 21 765.264
36 20 742.333
36 19 547.091
36 18 21.0501
36 17 775.705
36 16 772.664
36 15 409.065
36 14 537.371
36 13 939.492
36 12 175.257
36 11 809.561
36 10 170.529
36 9 428.464
36 8 630.438
36 7 428.921
36 6 301.706
36 5 461.963
36 4 230.157
36 3 647.474
36 2 609.301
36 1 243.981
35 42 286.841
35 41 400.955
35 40 695.465
35 39 405.77
35 38 306.154
35 37 99.3473
35 36 427.217
35 34 114.747
35 33 324.09
35 32 152.418
35 31 36.6554
35 30 168.621
35 29 337.122
35 28 594.667
35 27 796.62
35 26 471.072
35 25 203.684
35 24 368.586
35 23 725.166
35 22 547.495
35 21 754.96
35 20 422.024
35 19 854.473
35 18 448.185
35 17 761.696
35 16 686.339
35 15 591.879
35 14 227.598
35 13 650.009
35 12 381.192
35 11 440.919
35 10 317.368
35 9 817.32
35 8 512.243
35 7 181.602
35 6 184.586
35 5 58.8596
35 4 214.341
35 3 774.889
35 2 593.009
35 1 330.354
34 42 173.803
34 41 296.001
34 40 603.463
34 39 292.337
34 38 246.509
34 37 137.534
34 36 458.086
34 35 114.747
34 33 209.357
34 32 186.774
34 31 145.779
34 30 240.7
34 29 236.214
34 28 483.566
34 27 745.205
34 26 357.702
34 25 217.295
34 24 271.298
34 23 624.408
34 22 450.961
34 21 651.151
34 20 320.16
34 19 813.527
34 18 477.976
34 17 657.264
34 16 575.579
34 15 533.643
34 14 115.056
34 13 545.035
34 12 366.786
34 11 359.63
34 10 385.844
34 9 807.479
34 8 402.198
34 7 296.224
34 6 163.536
34 5 163.615
34 4 282.565
34 3 693.324
34 2 493.594
34 1 297.694
33 42 58.1969
33 41 152.232
33 40 459.17
33 39 91.8109
33 38 258.035
33 37 322.599
33 36 569.264
33 35 324.09
33 34 209.357
33 32 350.337
33 31 354.396
33 30 422.31
33 29 138.609
33 28 286.462
33 27 687.686
33 26 157.883
33 25 351.94
33 24 171.077
33 23 455.009
33 22 305.261
33 21 472.355
33 20 183.932
33 19 773.747
33 18 585.65
33 17 476.57
33 16 377.92
33 15 478.627
33 14 104.889
33 13 371.555
33 12 423.916
33 11 284.211
33 10 549.791
33 9 827.076
33 8 212.104
33 7 505.387
33 6 282.656
33 5 370.746
33 4 455.995
33 3 570.839
33 2 334.972
33 1 341.49
32 42 336.805
32 41 470.477
32 40 617.684
32 39 408.351
32 38 209.72
32 37 250.244
32 36 278.954
32 35 152.418
32 34 186.774
32 33 350.337
32 31 177.877
32 30 77.7834
32 29 416.563
32 28 573.052
32 27 665.739
32 26 508.219
32 25 55.218
32 24 453.41
32 23 665.242
32 22 484.806
32 21 702.225
32 20 497.63
32 19 715.516
32 18 299.64
32 17 710.56
32 16 659.924
32 15 471.298
32 14 285.748
32 13 714.79
32 12 235.591
32 11 546.163
32 10 202.957
32 9 666.091
32 8 489.842
32 7 235.174
32 6 83.2278
32 5 197.796
32 4 105.688
32 3 677.694
32 2 534.565
32 1 200.728
31 42 314.07
31 41 422.033
31 40 732.074
31 39 438.079
31 38 342.067
31 37 89.3503
31 36 445.838
31 35 36.6554
31 34 145.779
31 33 354.396
31 32 177.877
31 30 179.717
31 29 356.807
31 28 628.4
31 27 830.512
31 26 497.891
31 25 231.416
31 24 386.247
31 23 761.248
31 22 583.863
31 21 790.657
31 20 441.328
31 19 886.797
31 18 466.885
31 17 797.295
31 16 720.247
31 15 626.872
31 14 254.961
31 13 669.93
31 12 410.924
31 11 451.134
31 10 324.526
31 9 843.935
31 8 546.354
31 7 155.395
31 6 218.51
31 5 22.5176
31 4 224.726
31 3 811.417
31 2 629.173
31 1 363.425
30 42 403.615
30 41 534.062
30 40 690.084
30 39 484.247
30 38 283.169
30 37 265.954
30 36 270.045
30 35 168.621
30 34 240.7
30 33 422.31
30 32 77.7834
30 31 179.717
30 29 476.47
30 28 650.815
30 27 714.331
30 26 579.808
30 25 114.269
30 24 511.957
30 23 740.59
30 22 560.523
30 21 778.359
30 20 559.649
30 19 755.962
30 18 291.016
30 17 786.847
30 16 737.685
30 15 529.26
30 14 349.221
30 13 781.26
30 12 276.598
30 11 597.377
30 10 149.51
30 9 683.886
30 8 567.568
30 7 179.711
30 6 160.726
30 5 193.645
30 4 45.7195
30 3 744.292
30 2 610.571
30 1 260.725
29 42 98.6481
29 41 66.8494
29 40 585.585
29 39 207.642
29 38 380.43
29 37 293.726
29 36 668.892
29 35 337.122
29 34 236.214
29 33 138.609
29 32 416.563
29 31 356.807
29 30 476.47
29 28 380.194
29 27 826.289
29 26 172.328
29 25 434.581
29 24 38.3167
29 23 568.603
29 22 435.481
29 21 578.174
29 20 84.913
29 19 912.103
29 18 687.096
29 17 580.553
29 16 464.926
29 15 617.002
29 14 132.344
29 13 313.189
29 12 540.778
29 11 149.228
29 10 619.01
29 9 958.623
29 8 321.726
29 7 511.59
29 6 368.31
29 5 366.139
29 4 517.199
29 3 702.348
29 2 458.927
29 1 459.465
28 42 341.764
28 41 340.35
28 40 252.554
28 39 195.053
28 38 390.55
28 37 607.362
28 36 703.065
28 35 594.667
28 34 483.566
28 33 286.462
28 32 573.052
28 31 628.4
28 30 650.815
28 29 380.194
28 27 580.712
28 26 227.281
28 25 551.044
28 24 391.713
28 23 200.47
28 22 168.427
28 21 200.177
28 20 358.876
28 19 681.2
28 18 712.984
28 17 201.437
28 16 92.1185
28 15 420.941
28 14 390.758
28 13 375.06
28 12 528.911
28 11 477.444
28 10 745.898
28 9 811.145
28 8 83.682
28 7 770.557
28 6 490.823
28 5 647.079
28 4 672.416
28 3 380.711
28 2 145.093
28 1 461.911
27 42 735.244
27 41 826.652
27 40 348.043
27 39 635.332
27 38 498.981
27 37 874.252
27 36 534.557
27 35 796.62
27 34 745.205
27 33 687.686
27 32 665.739
27 31 830.512
27 30 714.331
27 29 826.289
27 28 580.712
27 26 753.389
27 25 611.207
27 24 857.393
27 23 441.25
27 22 425.768
27 21 485.342
27 20 856.214
27 19 101.883
27 18 525.487
27 17 495.582
27 16 585.767
27 15 213.462
27 14 740.348
27 13 949.044
27 12 438.061
27 11 968.85
27 10 689.581
27 9 300.776
27 8 566.466
27 7 893.728
27 6 612.109
27 5 852.713
27 4 697.249
27 3 246.726
27 2 435.884
27 1 467.639
26 42 184.231
26 41 118.028
26 40 463.56
26 39 132.075
26 38 396.554
26 37 450.141
26 36 718.069
26 35 471.072
26 34 357.702
26 33 157.883
26 32 508.219
26 31 497.891
26 30 579.808
26 29 172.328
26 28 227.281
26 27 753.389
26 25 508.562
26 24 172.631
26 23 426.412
26 22 331.647
26 21 427.045
26 20 132.312
26 19 848.034
26 18 733.288
26 17 427.624
26 16 302.717
26 15 559.621
26 14 243.478
26 13 223.803
26 12 562.404
26 11 250.168
26 10 707.277
26 9 934.702
26 8 194.087
26 7 652.302
26 6 439.416
26 5 511.554
26 4 613.871
26 3 588.982
26 2 338.767
26 1 481.204
25 42 347.51
25 41 483.482
25 40 576.371
25 39 398.95
25 38 171.224
25 37 299.15
25 36 240.801
25 35 203.684
25 34 217.295
25 33 351.94
25 32 55.218
25 31 231.416
25 30 114.269
25 29 434.581
25 28 551.044
25 27 611.207
25 26 508.562
25 24 472.405
25 23 629.164
25 22 449.975
25 21 668.157
25 20 512.253
25 19 660.312
25 18 260.693
25 17 676.942
25 16 635.08
25 15 419.022
25 14 302.238
25 13 722.116
25 12 180.496
25 11 571.18
25 10 200.353
25 9 613.637
25 8 469.103
25 7 286.12
25 6 69.2921
25 5 251.907
25 4 122.937
25 3 630.373
25 2 500.416
25 1 148.584
24 42 135.994
24 41 55.0988
24 40 607.13
24 39 230.955
24 38 417.791
24 37 318.287
24 36 707.133
24 35 368.586
24 34 271.298
24 33 171.077
24 32 453.41
24 31 386.247
24 30 511.957
24 29 38.3167
24 28 391.713
24 27 857.393
24 26 172.631
24 25 472.405
24 23 584.764
24 22 459.716
24 21 591.372
24 20 58.1993
24 19 944.512
24 18 725.369
24 17 593.076
24 16 472.979
24 15 649.427
24 14 170.26
24 13 284.956
24 12 578.77
24 11 113.363
24 10 655.509
24 9 994.921
24 8 339.458
24 7 539.996
24 6 406.39
24 5 394.176
24 4 553.227
24 3 726.259
24 2 480.081
24 1 497.319
23 42 513.153
23 41 535.87
23 40 96.7825
23 39 366.075
23 38 457.977
23 37 758.461
23 36 718.743
23 35 725.166
23 34 624.408
23 33 455.009
23 32 665.242
23 31 761.248
23 30 740.59
23 29 568.603
23 28 200.47
23 27 441.25
23 26 426.412
23 25 629.164
23 24 584.764
23 22 180.673
23 21 49.2868
23 20 556.599
23 19 542.669
23 18 723.125
23 17 60.4181
23 16 158.389
23 15 346.421
23 14 552.223
23 13 563.77
23 12 547.419
23 11 676.033
23 10 803.519
23 9 713.624
23 8 247.09
23 7 887.418
23 6 583.025
23 5 782.163
23 4 751.12
23 3 205.603
23 2 132.418
23 1 503.804
22 42 362.203
22 41 419.438
22 40 155.546
22 39 228.765
22 38 278.842
22 37 587.254
22 36 560.816
22 35 547.495
22 34 450.961
22 33 305.261
22 32 484.806
22 31 583.863
22 30 560.523
22 29 435.481
22 28 168.427
22 27 425.768
22 26 331.647
22 25 449.975
22 24 459.716
22 23 180.673
22 21 218.188
22 20 446.165
22 19 523.654
22 18 568.059
22 17 227.084
22 16 215.723
22 15 252.927
22 14 391.458
22 13 523.822
22 12 385.834
22 11 564.422
22 10 629.897
22 9 643.087
22 8 140.802
22 7 707.108
22 6 402.421
22 5 605.184
22 4 572.479
22 3 266.868
22 2 50.7481
22 1 331.784
21 42 530.01
21 41 540.455
21 40 145.081
21 39 381.433
21 38 497.028
21 37 783.12
21 36 765.264
21 35 754.96
21 34 651.151
21 33 472.355
21 32 702.225
21 31 790.657
21 30 778.359
21 29 578.174
21 28 200.177
21 27 485.342
21 26 427.045
21 25 668.157
21 24 591.372
21 23 49.2868
21 22 218.188
21 20 558.95
21 19 586.235
21 18 770.077
21 17 11.1358
21 16 137.068
21 15 395.706
21 14 572.69
21 13 546.123
21 12 593.007
21 11 677.131
21 10 846.105
21 9 761.363
21 8 260.664
21 7 920.808
21 6 619.453
21 5 811.124
21 4 790.657
21 3 244.524
21 2 167.815
21 1 546.667
20 42 165.915
20 41 31.7002
20 40 587.417
20 39 221.285
20 38 440.776
20 37 375.63
20 36 742.333
20 35 422.024
20 34 320.16
20 33 183.932
20 32 497.63
20 31 441.328
20 30 559.649
20 29 84.913
20 28 358.876
20 27 856.214
20 26 132.312
20 25 512.253
20 24 58.1993
20 23 556.599
20 22 446.165
20 21 558.95
20 19 946.565
20 18 759.865
20 17 559.73
20 16 434.797
20 15 652.626
20 14 211.885
20 13 228.638
20 12 605.367
20 11 119.926
20 10 700.518
20 9 1010.14
20 8 316.667
20 7 595.798
20 6 444.546
20 5 450.129
20 4 599.627
20 3 710.113
20 2 460.768
20 1 523.085
19 42 818.652
19 41 916.43
19 40 449.866
19 39 726.848
19 38 567.607
19 37 937.623
19 36 547.091
19 35 854.473
19 34 813.527
19 33 773.747
19 32 715.516
19 31 886.797
19 30 755.962
19 29 912.103
19 28 681.2
19 27 101.883
19 26 848.034
19 25 660.312
19 24 944.512
19 23 542.669
19 22 523.654
19 21 586.235
19 20 946.565
19 18 534.604
19 17 596.352
19 16 687.63
19 15 295.12
19 14 819.061
19 13 1047.47
19 12 481.069
19 11 1056.93
19 10 711.604
19 9 229.923
19 8 663.855
19 7 935.408
19 6 670.577
19 5 908.523
19 4 733.529
19 3 345.199
19 2 536.167
19 1 524.394
18 42 594.065
18 41 729.537
18 40 643.498
18 39 608.277
18 38 339.001
18 37 547.464
18 36 21.0501
18 35 448.185
18 34 477.976
18 33 585.65
18 32 299.64
18 31 466.885
18 30 291.016
18 29 687.096
18 28 712.984
18 27 525.487
18 26 733.288
18 25 260.693
18 24 725.369
18 23 723.125
18 22 568.059
18 21 770.077
18 20 759.865
18 19 534.604
18 17 780.618
18 16 781.017
18 15 407.672
18 14 555.844
18 13 955.238
18 12 184.109
18 11 828.419
18 10 188.109
18 9 410.228
18 8 641.513
18 7 448.842
18 6 320.617
18 5 483.01
18 4 250.898
18 3 645.959
18 2 616.011
18 1 256.468
17 42 534.05
17 41 541.757
17 40 156.128
17 39 385.365
17 38 505.892
17 37 788.71
17 36 775.705
17 35 761.696
17 34 657.264
17 33 476.57
17 32 710.56
17 31 797.295
17 30 786.847
17 29 580.553
17 28 201.437
17 27 495.582
17 26 427.624
17 25 676.942
17 24 593.076
17 23 60.4181
17 22 227.084
17 21 11.1358
17 20 559.73
17 19 596.352
17 18 780.618
17 16 133.959
17 15 406.835
17 14 577.482
17 13 542.343
17 12 603.256
17 11 677.523
17 10 855.65
17 9 772.254
17 8 264.582
17 7 928.292
17 6 627.695
17 5 817.656
17 4 799.533
17 3 254.003
17 2 176.528
17 1 556.33
16 42 432.496
16 41 419.712
16 40 239.316
16 39 286.85
16 38 470.163
16 37 699.344
16 36 772.664
16 35 686.339
16 34 575.579
16 33 377.92
16 32 659.924
16 31 720.247
16 30 737.685
16 29 464.926
16 28 92.1185
16 27 585.767
16 26 302.717
16 25 635.08
16 24 472.979
16 23 158.389
16 22 215.723
16 21 137.068
16 20 434.797
16 19 687.63
16 18 781.017
16 17 133.959
16 15 453.704
16 14 482.471
16 13 409.161
16 12 597.434
16 11 550.337
16 10 826.783
16 9 839.421
16 8 174.242
16 7 861.454
16 6 577.113
16 5 739.04
16 4 757.362
16 3 361.275
16 2 174.033
16 1 536.109
15 42 524.016
15 41 622.193
15 40 253.869
15 39 434.507
15 38 288.762
15 37 664.935
15 36 409.065
15 35 591.879
15 34 533.643
15 33 478.627
15 32 471.298
15 31 626.872
15 30 529.26
15 29 617.002
15 28 420.941
15 27 213.462
15 26 559.621
15 25 419.022
15 24 649.427
15 23 346.421
15 22 252.927
15 21 395.706
15 20 652.626
15 19 295.12
15 18 407.672
15 17 406.835
15 16 453.704
15 14 527.151
15 13 768.26
15 12 265.24
15 11 761.965
15 10 535.797
15 9 390.213
15 8 385.469
15 7 705.135
15 6 409.003
15 5 649.317
15 4 520.311
15 3 238.417
15 2 281.871
15 1 270.654
14 42 59.2562
14 41 185.082
14 40 547.002
14 39 195.707
14 38 263.555
14 37 217.76
14 36 537.371
14 35 227.598
14 34 115.056
14 33 104.889
14 32 285.748
14 31 254.961
14 30 349.221
14 29 132.344
14 28 390.758
14 27 740.348
14 26 243.478
14 25 302.238
14 24 170.26
14 23 552.223
14 22 391.458
14 21 572.69
14 20 211.885
14 19 819.061
14 18 555.844
14 17 577.482
14 16 482.471
14 15 527.151
14 13 432.304
14 12 416.143
14 11 273.672
14 10 488.657
14 9 844.633
14 8 314.243
14 7 408.883
14 6 236.199
14 5 269.687
14 4 388.224
14 3 650.827
14 2 427.071
14 1 336.782
13 42 378.118
13 41 249.371
13 40 627.335
13 39 354.932
13 38 619.96
13 37 603.118
13 36 939.492
13 35 650.009
13 34 545.035
13 33 371.555
13 32 714.79
13 31 669.93
13 30 781.26
13 29 313.189
13 28 375.06
13 27 949.044
13 26 223.803
13 25 722.116
13 24 284.956
13 23 563.77
13 22 523.822
13 21 546.123
13 20 228.638
13 19 1047.47
13 18 955.238
13 17 542.343
13 16 409.161
13 15 768.26
13 14 432.304
13 12 786.077
13 11 266.001
13 10 917.12
13 9 1151.05
13 8 384.234
13 7 824.424
13 6 652.92
13 5 678.72
13 4 819.125
13 3 755.369
13 2 515.6
13 1 704.658
12 42 443.159
12 41 574.001
12 40 474.197
12 39 433.469
12 38 166.633
12 37 472.313
12 36 175.257
12 35 381.192
12 34 366.786
12 33 423.916
12 32 235.591
12 31 410.924
12 30 276.598
12 29 540.778
12 28 528.911
12 27 438.061
12 26 562.404
12 25 180.496
12 24 578.77
12 23 547.419
12 22 385.834
12 21 593.007
12 20 605.367
12 19 481.069
12 18 184.109
12 17 603.256
12 16 597.434
12 15 265.24
12 14 416.143
12 13 786.077
12 11 688.184
12 10 271.529
12 9 441.332
12 8 458.261
12 7 456.266
12 6 205.643
12 5 431.868
12 4 259.952
12 3 497.433
12 2 434.683
12 1 82.4273
11 42 247.814
11 41 144.984
11 40 707.159
11 39 337.196
11 38 529.343
11 37 370.671
11 36 809.561
11 35 440.919
11 34 359.63
11 33 284.211
11 32 546.163
11 31 451.134
11 30 597.377
11 29 149.228
11 28 477.444
11 27 968.85
11 26 250.168
11 25 571.18
11 24 113.363
11 23 676.033
11 22 564.422
11 21 677.131
11 20 119.926
11 19 1056.93
11 18 828.419
11 17 677.523
11 16 550.337
11 15 761.965
11 14 273.672
11 13 266.001
11 12 688.184
11 10 744.805
11 9 1107.82
11 8 436.52
11 7 597.536
11 6 507.858
11 5 454.148
11 4 640.816
11 3 829.324
11 2 580.384
11 1 607.435
10 42 539.463
10 41 673.434
10 40 738.53
10 39 599.292
10 38 356.628
10 37 412.873
10 36 170.529
10 35 317.368
10 34 385.844
10 33 549.791
10 32 202.957
10 31 324.526
10 30 149.51
10 29 619.01
10 28 745.898
10 27 689.581
10 26 707.277
10 25 200.353
10 24 655.509
10 23 803.519
10 22 629.897
10 21 846.105
10 20 700.518
10 19 711.604
10 18 188.109
10 17 855.65
10 16 826.783
10 15 535.797
10 14 488.657
10 13 917.12
10 12 271.529
10 11 744.805
10 9 598.322
10 8 665.401
10 7 269.085
10 6 268.496
10 5 335.215
10 4 104.452
10 3 768.889
10 2 680.587
10 1 299.72
9 42 860.22
9 41 978.554
9 40 616.852
9 39 804.066
9 38 581.189
9 37 911.646
9 36 428.464
9 35 817.32
9 34 807.479
9 33 827.076
9 32 666.091
9 31 843.935
9 30 683.886
9 29 958.623
9 28 811.145
9 27 300.776
9 26 934.702
9 25 613.637
9 24 994.921
9 23 713.624
9 22 643.087
9 21 761.363
9 20 1010.14
9 19 229.923
9 18 410.228
9 17 772.254
9 16 839.421
9 15 390.213
9 14 844.633
9 13 1151.05
9 12 441.332
9 11 1107.82
9 10 598.322
9 8 772.59
9 7 854.155
9 6 646.943
9 5 863.426
9 4 650.421
9 3 538.573
9 2 670.702
9 1 511.797
8 42 269.468
8 41 293.036
8 40 270.886
8 39 120.793
8 38 312.129
8 37 528.742
8 36 630.438
8 35 512.243
8 34 402.198
8 33 212.104
8 32 489.842
8 31 546.354
8 30 567.568
8 29 321.726
8 28 83.682
8 27 566.466
8 26 194.087
8 25 469.103
8 24 339.458
8 23 247.09
8 22 140.802
8 21 260.664
8 20 316.667
8 19 663.855
8 18 641.513
8 17 264.582
8 16 174.242
8 15 385.469
8 14 314.243
8 13 384.234
8 12 458.261
8 11 436.52
8 10 665.401
8 9 772.59
8 7 687.292
8 6 407.895
8 5 565.391
8 4 589.896
8 3 395.146
8 2 144.907
8 1 387.192
7 42 468.135
7 41 577.16
7 40 847.279
7 39 585.158
7 38 441.125
7 37 226.879
7 36 428.921
7 35 181.602
7 34 296.224
7 33 505.387
7 32 235.174
7 31 155.395
7 30 179.711
7 29 511.59
7 28 770.557
7 27 893.728
7 26 652.302
7 25 286.12
7 24 539.996
7 23 887.418
7 22 707.108
7 21 920.808
7 20 595.798
7 19 935.408
7 18 448.842
7 17 928.292
7 16 861.454
7 15 705.135
7 14 408.883
7 13 824.424
7 12 456.266
7 11 597.536
7 10 269.085
7 9 854.155
7 8 687.292
7 6 309.733
7 5 145.835
7 4 204.839
7 3 912.296
7 2 755.158
7 1 434.644
6 42 279.223
6 41 415.39
6 40 538.124
6 39 331.751
6 38 131.496
6 37 268.894
6 36 301.706
6 35 184.586
6 34 163.536
6 33 282.656
6 32 83.2278
6 31 218.51
6 30 160.726
6 29 368.31
6 28 490.823
6 27 612.109
6 26 439.416
6 25 69.2921
6 24 406.39
6 23 583.025
6 22 402.421
6 21 619.453
6 20 444.546
6 19 670.577
6 18 320.617
6 17 627.695
6 16 577.113
6 15 409.003
6 14 236.199
6 13 652.92
6 12 205.643
6 11 507.858
6 10 268.496
6 9 646.943
6 8 407.895
6 7 309.733
6 5 240.818
6 4 182.627
6 3 603.951
6 2 451.933
6 1 146.184
5 42 328.446
5 41 432.035
5 40 753.849
5 39 455.755
5 38 364.58
5 37 85.5594
5 36 461.963
5 35 58.8596
5 34 163.615
5 33 370.746
5 32 197.796
5 31 22.5176
5 30 193.645
5 29 366.139
5 28 647.079
5 27 852.713
5 26 511.554
5 25 251.907
5 24 394.176
5 23 782.163
5 22 605.184
5 21 811.124
5 20 450.129
5 19 908.523
5 18 483.01
5 17 817.656
5 16 739.04
5 15 649.317
5 14 269.687
5 13 678.72
5 12 431.868
5 11 454.148
5 10 335.215
5 9 863.426
5 8 565.391
5 7 145.835
5 6 240.818
5 4 237.787
5 3 833.748
5 2 650.208
5 1 385.47
4 42 441.012
4 41 573.306
4 40 695.545
4 39 512.946
4 38 293.642
4 37 311.513
4 36 230.157
4 35 214.341
4 34 282.565
4 33 455.995
4 32 105.688
4 31 224.726
4 30 45.7195
4 29 517.199
4 28 672.416
4 27 697.249
4 26 613.871
4 25 122.937
4 24 553.227
4 23 751.12
4 22 572.479
4 21 790.657
4 20 599.627
4 19 733.529
4 18 250.898
4 17 799.533
4 16 757.362
4 15 520.311
4 14 388.224
4 13 819.125
4 12 259.952
4 11 640.816
4 10 104.452
4 9 650.421
4 8 589.896
4 7 204.839
4 6 182.627
4 5 237.787
4 3 742.253
4 2 623.014
4 1 257.952
3 42 626.832
3 41 684.529
3 40 128.165
3 39 495.428
3 38 472.854
3 37 830.733
3 36 647.474
3 35 774.889
3 34 693.324
3 33 570.839
3 32 677.694
3 31 811.417
3 30 744.292
3 29 702.348
3 28 380.711
3 27 246.726
3 26 588.982
3 25 630.373
3 24 726.259
3 23 205.603
3 22 266.868
3 21 244.524
3 20 710.113
3 19 345.199
3 18 645.959
3 17 254.003
3 16 361.275
3 15 238.417
3 14 650.827
3 13 755.369
3 12 497.433
3 11 829.324
3 10 768.889
3 9 538.573
3 8 395.146
3 7 912.296
3 6 603.951
3 5 833.748
3 4 742.253
3 2 250.255
3 1 484.642
2 42 392.931
2 41 436.069
2 40 127.078
2 39 251.483
2 38 329.375
2 37 628.718
2 36 609.301
2 35 593.009
2 34 493.594
2 33 334.972
2 32 534.565
2 31 629.173
2 30 610.571
2 29 458.927
2 28 145.093
2 27 435.884
2 26 338.767
2 25 500.416
2 24 480.081
2 23 132.418
2 22 50.7481
2 21 167.815
2 20 460.768
2 19 536.167
2 18 616.011
2 17 176.528
2 16 174.033
2 15 281.871
2 14 427.071
2 13 515.6
2 12 434.683
2 11 580.384
2 10 680.587
2 9 670.702
2 8 144.907
2 7 755.158
2 6 451.933
2 5 650.208
2 4 623.014
2 3 250.255
2 1 382.228
1 42 361.49
1 41 491.681
1 40 440.771
1 39 353.435
1 38 84.7041
1 37 414.212
1 36 243.981
1 35 330.354
1 34 297.694
1 33 341.49
1 32 200.728
1 31 363.425
1 30 260.725
1 29 459.465
1 28 461.911
1 27 467.639
1 26 481.204
1 25 148.584
1 24 497.319
1 23 503.804
1 22 331.784
1 21 546.667
1 20 523.085
1 19 524.394
1 18 256.468
1 17 556.33
1 16 536.109
1 15 270.654
1 14 336.782
1 13 704.658
1 12 82.4273
1 11 607.435
1 10 299.72
1 9 511.797
1 8 387.192
1 7 434.644
1 6 146.184
1 5 385.47
1 4 257.952
1 3 484.642
1 2 382.228
