nnodes narcs type
18 306  digraph 
nodename posx posy
18 555.823 207.396
17 761.955 945.454
16 243.528 112.21
15 675.501 540.899
14 879.597 902.385
13 318.72 432.381
12 186.107 589.687
11 787.974 497.013
10 22.2782 950.711
9 833.132 105.202
8 160.918 869.386
7 612.511 979.847
6 183.338 108.004
5 557.05 909.879
4 46.2747 664.743
3 263.097 103.014
2 382.512 154.562
1 465.766 763.055
tail head weight
18 17 766.304
18 16 326.479
18 15 354.327
18 14 766.707
18 13 326.858
18 12 531.824
18 11 371.177
18 10 914.979
18 9 295.541
18 8 770.831
18 7 774.528
18 6 385.517
18 5 702.484
18 4 684.694
18 3 310.779
18 2 181.185
18 1 562.91
17 18 766.304
17 16 981.357
17 15 413.69
17 14 125.278
17 13 678.012
17 12 676.884
17 11 449.196
17 10 739.695
17 9 843.262
17 8 605.831
17 7 153.35
17 6 1017.9
17 5 207.97
17 4 768.763
17 3 979.063
17 2 877.204
17 1 347.847
16 18 326.479
16 17 981.357
16 15 608.585
16 14 1014.38
16 13 328.882
16 12 480.917
16 11 666.704
16 10 867.199
16 9 589.646
16 8 761.669
16 7 942.837
16 6 60.3363
16 5 857.072
16 4 586.687
16 3 21.6221
16 2 145.294
16 1 687.742
15 18 354.327
15 17 413.69
15 16 608.585
15 14 415.123
15 13 372.919
15 12 491.82
15 11 120.731
15 10 771.133
15 9 463.335
15 8 610.491
15 7 443.444
15 6 655.456
15 5 387.527
15 4 641.298
15 3 601.515
15 2 484.87
15 1 305.52
14 18 766.707
14 17 125.278
14 16 1014.38
14 15 415.123
14 13 731.769
14 12 760.729
14 11 415.598
14 10 858.679
14 9 798.536
14 8 719.436
14 7 278.092
14 6 1056.32
14 5 322.633
14 4 866.545
14 3 1009.49
14 2 897.96
14 1 436.657
13 18 326.858
13 17 678.012
13 16 328.882
13 15 372.919
13 14 731.769
13 12 205.746
13 11 473.683
13 10 597.113
13 9 609.644
13 8 464.623
13 7 621.314
13 6 351.495
13 5 533.672
13 4 358.076
13 3 334.031
13 2 285.049
13 1 361.895
12 18 531.824
12 17 676.884
12 16 480.917
12 15 491.82
12 14 760.729
12 13 205.746
12 11 608.96
12 10 396.457
12 9 808.312
12 8 280.83
12 7 577.966
12 6 481.691
12 5 490.022
12 4 158.702
12 3 492.725
12 2 477.398
12 1 329.038
11 18 371.177
11 17 449.196
11 16 666.704
11 15 120.731
11 14 415.598
11 13 473.683
11 12 608.96
11 10 890.018
11 9 394.405
11 8 729.287
11 7 513.727
11 6 718.966
11 5 473.058
11 4 760.428
11 3 656.301
11 2 530.727
11 1 417.848
10 18 914.979
10 17 739.695
10 16 867.199
10 15 771.133
10 14 858.679
10 13 597.113
10 12 396.457
10 11 890.018
10 9 1171.48
10 8 160.732
10 7 590.951
10 6 857.96
10 5 536.329
10 4 286.973
10 3 881.239
10 2 873.854
10 1 481.556
9 18 295.541
9 17 843.262
9 16 589.646
9 15 463.335
9 14 798.536
9 13 609.644
9 12 808.312
9 11 394.405
9 10 1171.48
9 8 1017.77
9 7 902.041
9 6 649.8
9 5 850.721
9 4 965.521
9 3 570.04
9 2 453.316
9 1 753.478
8 18 770.831
8 17 605.831
8 16 761.669
8 15 610.491
8 14 719.436
8 13 464.623
8 12 280.83
8 11 729.287
8 10 160.732
8 9 1017.77
8 7 464.906
8 6 761.712
8 5 398.196
8 4 234.567
8 3 773.153
8 2 748.383
8 1 322.859
7 18 774.528
7 17 153.35
7 16 942.837
7 15 443.444
7 14 278.092
7 13 621.314
7 12 577.966
7 11 513.727
7 10 590.951
7 9 902.041
7 8 464.906
7 6 971.75
7 5 89.2824
7 4 648.008
7 3 943.888
7 2 856.735
7 1 261.787
6 18 385.517
6 17 1017.9
6 16 60.3363
6 15 655.456
6 14 1056.32
6 13 351.495
6 12 481.691
6 11 718.966
6 10 857.96
6 9 649.8
6 8 761.712
6 7 971.75
6 5 884.683
6 4 573.363
6 3 79.9146
6 2 204.543
6 1 713.342
5 18 702.484
5 17 207.97
5 16 857.072
5 15 387.527
5 14 322.633
5 13 533.672
5 12 490.022
5 11 473.058
5 10 536.329
5 9 850.721
5 8 398.196
5 7 89.2824
5 6 884.683
5 4 566.554
5 3 858.743
5 2 775.221
5 1 172.887
4 18 684.694
4 17 768.763
4 16 586.687
4 15 641.298
4 14 866.545
4 13 358.076
4 12 158.702
4 11 760.428
4 10 286.973
4 9 965.521
4 8 234.567
4 7 648.008
4 6 573.363
4 5 566.554
4 3 602.122
4 2 611.016
4 1 430.857
3 18 310.779
3 17 979.063
3 16 21.6221
3 15 601.515
3 14 1009.49
3 13 334.031
3 12 492.725
3 11 656.301
3 10 881.239
3 9 570.04
3 8 773.153
3 7 943.888
3 6 79.9146
3 5 858.743
3 4 602.122
3 2 130.066
3 1 690.456
2 18 181.185
2 17 877.204
2 16 145.294
2 15 484.87
2 14 897.96
2 13 285.049
2 12 477.398
2 11 530.727
2 10 873.854
2 9 453.316
2 8 748.383
2 7 856.735
2 6 204.543
2 5 775.221
2 4 611.016
2 3 130.066
2 1 614.162
1 18 562.91
1 17 347.847
1 16 687.742
1 15 305.52
1 14 436.657
1 13 361.895
1 12 329.038
1 11 417.848
1 10 481.556
1 9 753.478
1 8 322.859
1 7 261.787
1 6 713.342
1 5 172.887
1 4 430.857
1 3 690.456
1 2 614.162
