nnodes narcs type
20 380  digraph 
nodename posx posy
20 12.9869 904.744
19 538.563 650.919
18 174.227 524.084
17 755.078 149.914
16 823.386 281.282
15 525.499 861.033
14 382.566 837.184
13 756.254 800.71
12 846.326 139.437
11 871.011 843.779
10 598.963 167.637
9 330.157 487.555
8 852.574 642.535
7 832.509 659.753
6 367.661 46.5731
5 227.837 951.075
4 384.795 988.737
3 434.545 932.318
2 204.047 225.586
1 789.5 16.3436
tail head weight
20 19 583.658
20 18 413.401
20 17 1058.52
20 16 1022.47
20 15 514.373
20 14 375.703
20 13 750.513
20 12 1131.44
20 11 860.187
20 10 941.644
20 9 524.064
20 8 879.58
20 7 855.358
20 6 928.575
20 5 219.789
20 4 381.177
20 3 422.459
20 2 705.52
20 1 1179.93
19 20 583.658
19 18 385.782
19 17 545.789
19 16 466.643
19 15 210.52
19 14 242.96
19 13 264.248
19 12 596.936
19 11 384.34
19 10 487.042
19 9 264.803
19 8 314.124
19 7 294.079
19 6 628.046
19 5 432.023
19 4 371.168
19 3 300.008
19 2 541.118
19 1 682.39
18 20 413.401
18 19 385.782
18 17 690.935
18 16 693.08
18 15 486.752
18 14 376.081
18 13 644.42
18 12 774.384
18 11 766.624
18 10 554.486
18 9 160.151
18 8 688.612
18 7 672.117
18 6 515.202
18 5 430.343
18 4 510.139
18 3 484.17
18 2 299.984
18 1 797.723
17 20 1058.52
17 19 545.789
17 18 690.935
17 16 148.066
17 15 747.26
17 14 781.733
17 13 650.797
17 12 91.8475
17 11 703.484
17 10 157.118
17 9 542.734
17 8 502.176
17 7 515.685
17 6 400.963
17 5 959.084
17 4 916.916
17 3 845.517
17 2 556.203
17 1 137.934
16 20 1022.47
16 19 466.643
16 18 693.08
16 17 148.066
16 15 651.804
16 14 709.471
16 13 523.748
16 12 143.688
16 11 564.51
16 10 251.557
16 9 534.625
16 8 362.43
16 7 378.581
16 6 512.614
16 5 896.271
16 4 832.379
16 3 758.317
16 2 621.838
16 1 267.097
15 20 514.373
15 19 210.52
15 18 486.752
15 17 747.26
15 16 651.804
15 14 144.909
15 13 238.509
15 12 789.703
15 11 345.942
15 10 697.277
15 9 421.479
15 8 393.344
15 7 367.108
15 6 829.613
15 5 310.983
15 4 190.016
15 3 115.56
15 2 712.127
15 1 884.984
14 20 375.703
14 19 242.96
14 18 376.081
14 17 781.733
14 16 709.471
14 15 144.909
14 13 375.464
14 12 837.809
14 11 488.489
14 10 703.648
14 9 353.535
14 8 508.72
14 7 483.663
14 6 790.751
14 5 192.126
14 4 151.57
14 3 108.408
14 2 637.119
14 1 916.174
13 20 750.513
13 19 264.248
13 18 644.42
13 17 650.797
13 16 523.748
13 15 238.509
13 14 375.464
13 12 667.379
13 11 122.573
13 10 652.32
13 9 528.796
13 8 185.195
13 7 160.261
13 6 848.367
13 5 549.394
13 4 416.337
13 3 347.588
13 2 797.308
13 1 785.07
12 20 1131.44
12 19 596.936
12 18 774.384
12 17 91.8475
12 16 143.688
12 15 789.703
12 14 837.809
12 13 667.379
12 11 704.774
12 10 248.965
12 9 622.589
12 8 503.136
12 7 520.499
12 6 487.59
12 5 1020.43
12 4 966.603
12 3 893.434
12 2 648.031
12 1 135.578
11 20 860.187
11 19 384.34
11 18 766.624
11 17 703.484
11 16 564.51
11 15 345.942
11 14 488.489
11 13 122.573
11 12 704.774
11 10 728.82
11 9 647.626
11 8 202.087
11 7 188.011
11 6 942.814
11 5 652.062
11 4 507.365
11 3 445.355
11 2 909.397
11 1 831.441
10 20 941.644
10 19 487.042
10 18 554.486
10 17 157.118
10 16 251.557
10 15 697.277
10 14 703.648
10 13 652.32
10 12 248.965
10 11 728.82
10 9 417.857
10 8 538.374
10 7 544.721
10 6 261.069
10 5 866.896
10 4 848.571
10 3 782.157
10 2 399.145
10 1 243.298
9 20 524.064
9 19 264.803
9 18 160.151
9 17 542.734
9 16 534.625
9 15 421.479
9 14 353.535
9 13 528.796
9 12 622.589
9 11 647.626
9 10 417.857
9 8 544.921
9 7 531.046
9 6 442.574
9 5 474.679
9 4 504.151
9 3 456.849
9 2 290.743
9 1 658.055
8 20 879.58
8 19 314.124
8 18 688.612
8 17 502.176
8 16 362.43
8 15 393.344
8 14 508.72
8 13 185.195
8 12 503.136
8 11 202.087
8 10 538.374
8 9 544.921
8 7 26.4405
8 6 768.317
8 5 696.774
8 4 581.957
8 3 508.648
8 2 770.995
8 1 629.36
7 20 855.358
7 19 294.079
7 18 672.117
7 17 515.685
7 16 378.581
7 15 367.108
7 14 483.663
7 13 160.261
7 12 520.499
7 11 188.011
7 10 544.721
7 9 531.046
7 8 26.4405
7 6 769.462
7 5 671.19
7 4 555.588
7 3 482.355
7 2 763.848
7 1 644.845
6 20 928.575
6 19 628.046
6 18 515.202
6 17 400.963
6 16 512.614
6 15 829.613
6 14 790.751
6 13 848.367
6 12 487.59
6 11 942.814
6 10 261.069
6 9 442.574
6 8 768.317
6 7 769.462
6 5 915.245
6 4 942.32
6 3 888.267
6 2 242.518
6 1 422.921
5 20 219.789
5 19 432.023
5 18 430.343
5 17 959.084
5 16 896.271
5 15 310.983
5 14 192.126
5 13 549.394
5 12 1020.43
5 11 652.062
5 10 866.896
5 9 474.679
5 8 696.774
5 7 671.19
5 6 915.245
5 4 161.413
5 3 207.557
5 2 725.879
5 1 1090.5
4 20 381.177
4 19 371.168
4 18 510.139
4 17 916.916
4 16 832.379
4 15 190.016
4 14 151.57
4 13 416.337
4 12 966.603
4 11 507.365
4 10 848.571
4 9 504.151
4 8 581.957
4 7 555.588
4 6 942.32
4 5 161.413
4 3 75.2212
4 2 784.263
4 1 1053.25
3 20 422.459
3 19 300.008
3 18 484.17
3 17 845.517
3 16 758.317
3 15 115.56
3 14 108.408
3 13 347.588
3 12 893.434
3 11 445.355
3 10 782.157
3 9 456.849
3 8 508.648
3 7 482.355
3 6 888.267
3 5 207.557
3 4 75.2212
3 2 743.37
3 1 982.345
2 20 705.52
2 19 541.118
2 18 299.984
2 17 556.203
2 16 621.838
2 15 712.127
2 14 637.119
2 13 797.308
2 12 648.031
2 11 909.397
2 10 399.145
2 9 290.743
2 8 770.995
2 7 763.848
2 6 242.518
2 5 725.879
2 4 784.263
2 3 743.37
2 1 621.721
1 20 1179.93
1 19 682.39
1 18 797.723
1 17 137.934
1 16 267.097
1 15 884.984
1 14 916.174
1 13 785.07
1 12 135.578
1 11 831.441
1 10 243.298
1 9 658.055
1 8 629.36
1 7 644.845
1 6 422.921
1 5 1090.5
1 4 1053.25
1 3 982.345
1 2 621.721
