nnodes narcs type
82 6642  digraph 
nodename posx posy
82 509.215 396.065
81 935.8 907.899
80 672.865 516.498
79 373.316 97.2151
78 711.287 275.387
77 794.628 271.285
76 127.6 692.44
75 411.248 203.958
74 359.867 987.391
73 461.312 905.62
72 555.396 892.773
71 305.984 145.426
70 459.409 818.063
69 791.566 910.572
68 25.6788 980.09
67 750.18 80.5416
66 187.17 20.4536
65 76.1147 443.521
64 121.754 76.0359
63 563.549 647.659
62 589.976 590.445
61 269.633 621.799
60 833.924 298.682
59 392.425 13.5054
58 730.421 90.1041
57 765.079 855.712
56 557.131 770.973
55 977.09 800.649
54 822.411 881.871
53 673.453 148.7
52 141.693 560.874
51 757.962 582.667
50 424.234 223.75
49 464.567 11.3271
48 520.916 410.111
47 659.111 480.923
46 629.449 231.333
45 313.612 464.9
44 858.288 273.462
43 48.7016 460.34
42 411.69 736.886
41 581.388 158.374
40 419.684 824.302
39 130.853 203.768
38 839.05 568.929
37 532.736 888.788
36 482.432 184.708
35 372.04 945.535
34 777.028 737.606
33 668.307 800.844
32 543.287 209.654
31 7.52036 364.498
30 946.11 441.846
29 908.983 245.327
28 881.336 694.905
27 209.446 575.37
26 790.85 713.705
25 330.329 698.932
24 169.503 887.008
23 128.152 414.351
22 551.906 883.463
21 196.176 289.648
20 309.812 651.282
19 741.794 591.038
18 210.804 885.942
17 685.973 332.213
16 992.735 600.049
15 266.851 873.353
14 599.258 734.189
13 949.775 857.26
12 649.908 398.343
11 793.17 285.661
10 930.721 261.086
9 957.762 415.603
8 482.199 348.144
7 812.096 332.513
6 321.38 472.601
5 37.9337 455.736
4 101.53 204.729
3 404.866 511.402
2 521.166 568.312
1 16.138 307.97
tail head weight
82 81 666.295
82 80 203.187
82 79 328.299
82 78 235.363
82 77 311.497
82 76 483.185
82 75 215.645
82 74 609.894
82 73 511.802
82 72 498.85
82 71 322.681
82 70 424.927
82 69 586.89
82 68 758.217
82 67 397.013
82 66 494.769
82 65 435.693
82 64 502.539
82 63 257.394
82 62 210.49
82 61 329.174
82 60 338.997
82 59 399.99
82 58 377.55
82 57 526.062
82 56 377.958
82 55 618.543
82 54 578.013
82 53 296.924
82 52 402.783
82 51 310.959
82 50 192.131
82 49 387.32
82 48 18.2811
82 47 172.249
82 46 203.943
82 45 207.362
82 44 369.977
82 43 464.978
82 42 354.5
82 41 248.407
82 40 437.496
82 39 424.424
82 38 372.388
82 37 493.284
82 36 213.047
82 35 566.334
82 34 434.021
82 33 434.92
82 32 189.5
82 31 502.687
82 30 439.287
82 29 427.243
82 28 477.262
82 27 349.303
82 26 424.515
82 25 351.751
82 24 597.017
82 23 381.502
82 22 489.264
82 21 330.633
82 20 323.879
82 19 303.491
82 18 573.61
82 17 187.937
82 16 524.786
82 15 535.298
82 14 349.908
82 13 637.804
82 12 140.711
82 11 304.663
82 10 442.59
82 9 448.972
82 8 55.0121
82 7 309.476
82 6 202.83
82 5 475.044
82 4 450.351
82 3 155.536
82 2 172.661
82 1 500.885
81 82 666.295
81 80 471.519
81 79 986.71
81 78 671.176
81 77 652.079
81 76 836.427
81 75 877.889
81 74 581.393
81 73 474.493
81 72 380.705
81 71 988.956
81 70 484.787
81 69 144.258
81 68 912.98
81 67 847.924
81 66 1161.04
81 65 977.091
81 64 1163.9
81 63 454.198
81 62 469.437
81 61 725.005
81 60 617.677
81 59 1046.52
81 58 843.19
81 57 178.52
81 56 402.665
81 55 114.923
81 54 116.338
81 53 803.249
81 52 866.621
81 51 370.678
81 50 854.26
81 49 1012.87
81 48 648.014
81 47 508.788
81 46 742.693
81 45 763.784
81 44 639.155
81 43 993.606
81 42 551.305
81 41 829.094
81 40 522.842
81 39 1069.46
81 38 352.507
81 37 403.517
81 36 853.55
81 35 565.015
81 34 232.827
81 33 288.121
81 32 801.008
81 31 1075.63
81 30 466.168
81 29 663.115
81 28 219.847
81 27 798.853
81 26 242.326
81 25 640.517
81 24 766.581
81 23 946.513
81 22 384.671
81 21 963.991
81 20 676.545
81 19 371.537
81 18 725.328
81 17 627.557
81 16 313.07
81 15 669.841
81 14 378.729
81 13 52.532
81 12 584.279
81 11 638.375
81 10 646.833
81 9 492.786
81 8 720.472
81 7 588.534
81 6 752.992
81 5 1005.29
81 4 1091.08
81 3 662.647
81 2 535.949
81 1 1098.04
80 82 203.187
80 81 471.519
80 79 515.294
80 78 244.153
80 77 273.78
80 76 572.947
80 75 407.584
80 74 565.427
80 73 442.912
80 72 394.185
80 71 521.82
80 70 369.465
80 69 411.564
80 68 796.095
80 67 442.759
80 66 694.232
80 65 601.195
80 64 705.5
80 63 170.742
80 62 111.08
80 61 416.754
80 60 270.894
80 59 575.888
80 58 430.261
80 57 351.525
80 56 279.557
80 55 416.288
80 54 394.793
80 53 367.798
80 52 533.022
80 51 107.796
80 50 384.081
80 49 546.43
80 48 185.49
80 47 38.1405
80 46 288.451
80 45 362.939
80 44 305.693
80 43 626.684
80 42 341.736
80 41 369.622
80 40 398.552
80 39 625.76
80 38 174.26
80 37 397.789
80 36 382.556
80 35 523.993
80 34 244.416
80 33 284.382
80 32 333.082
80 31 682.486
80 30 283.26
80 29 359.563
80 28 274.389
80 27 467.144
80 26 229.807
80 25 388.089
80 24 625.02
80 23 554.208
80 22 386.386
80 21 527.914
80 20 387.264
80 19 101.525
80 18 591.599
80 17 184.75
80 16 330.602
80 15 540.549
80 14 229.798
80 13 439.088
80 12 120.364
80 11 260.305
80 10 362.939
80 9 302.235
80 8 254.355
80 7 230.729
80 6 354.215
80 5 637.832
80 4 650.863
80 3 268.047
80 2 160.304
80 1 689.038
79 82 328.299
79 81 986.71
79 80 515.294
79 78 382.06
79 77 455.856
79 76 643.948
79 75 113.282
79 74 890.277
79 73 813.18
79 72 816.129
79 71 82.8123
79 70 725.971
79 69 914.595
79 68 948.851
79 67 377.233
79 66 201.351
79 65 456.351
79 64 252.452
79 63 582.389
79 62 538.718
79 61 534.732
79 60 502.741
79 59 85.8633
79 58 357.176
79 57 853.695
79 56 698.382
79 55 927.019
79 54 904.086
79 53 304.521
79 52 518.294
79 51 619.368
79 50 136.396
79 49 125.314
79 48 345.962
79 47 478.447
79 46 289.122
79 45 372.501
79 44 516.005
79 43 487.067
79 42 640.821
79 41 216.874
79 40 728.564
79 39 264.842
79 38 662.889
79 37 807.466
79 36 139.862
79 35 848.321
79 34 757.024
79 33 762.963
79 32 203.795
79 31 453.041
79 30 668.479
79 29 555.767
79 28 784.422
79 27 505.456
79 26 744.576
79 25 603.251
79 24 815.667
79 23 400.849
79 22 806.276
79 21 261.551
79 20 557.694
79 19 616.147
79 18 805.295
79 17 391.125
79 16 797.824
79 15 783.406
79 14 675.859
79 13 953.926
79 12 408.878
79 11 460.206
79 10 580.994
79 9 665.543
79 8 273.534
79 7 497.889
79 6 378.962
79 5 490.936
79 4 292.278
79 3 415.387
79 2 493.753
79 1 414.721
78 82 235.363
78 81 671.176
78 80 244.153
78 79 382.06
78 77 83.4422
78 76 717.372
78 75 308.425
78 74 794.005
78 73 677.998
78 72 636.763
78 71 425.629
78 70 598.28
78 69 640.238
78 68 983.19
78 67 198.69
78 66 582.828
78 65 657.048
78 64 622.326
78 63 400.515
78 62 337.606
78 61 561.301
78 60 124.83
78 59 412.619
78 58 186.269
78 57 582.812
78 56 519.008
78 55 588.687
78 54 616.58
78 53 132.216
78 52 637.134
78 51 310.805
78 50 291.66
78 49 361.384
78 48 233.22
78 47 212.055
78 46 92.9424
78 45 440.522
78 44 147.014
78 43 687.915
78 42 550.217
78 41 174.831
78 40 621.562
78 39 584.835
78 38 320.141
78 37 638.859
78 36 246.165
78 35 751.123
78 34 466.871
78 33 527.211
78 32 180.402
78 31 709.385
78 30 287.837
78 29 199.969
78 28 452.672
78 27 584.666
78 26 445.48
78 25 569.666
78 24 817.073
78 23 599.464
78 22 628.616
78 21 515.308
78 20 549.981
78 19 317.121
78 18 789.468
78 17 62.2087
78 16 429.673
78 15 745.041
78 14 472.281
78 13 628.85
78 12 137.424
78 11 82.5256
78 10 219.9
78 9 283.567
78 8 240.364
78 7 115.87
78 6 436.945
78 5 697.087
78 4 613.837
78 3 386.777
78 2 349.215
78 1 695.912
77 82 311.497
77 81 652.079
77 80 273.78
77 79 455.856
77 78 83.4422
77 76 788.858
77 75 389.247
77 74 837.749
77 73 716.575
77 72 665.942
77 71 504.593
77 70 641.356
77 69 639.294
77 68 1045.79
77 67 195.854
77 66 657.207
77 65 738.868
77 64 700.63
77 63 441.649
77 62 379.138
77 61 631.252
77 60 47.9033
77 59 477.721
77 58 192.222
77 57 585.173
77 56 553.257
77 55 559.927
77 54 611.217
77 53 172.367
77 52 714.273
77 51 313.533
77 50 373.432
77 49 420.142
77 48 306.906
77 47 249.625
77 46 169.943
77 45 518.52
77 44 63.6968
77 43 769.511
77 42 602.848
77 41 241.289
77 40 668.139
77 39 667.2
77 38 300.94
77 37 670.743
77 36 323.979
77 35 795.734
77 34 466.653
77 33 544.416
77 32 258.787
77 31 792.608
77 30 228.118
77 29 117.265
77 28 432.403
77 27 659.474
77 26 442.435
77 25 631.233
77 24 877.437
77 23 681.659
77 22 658.54
77 21 598.734
77 20 615.99
77 19 324.088
77 18 847.734
77 17 124.572
77 16 383.839
77 15 800.646
77 14 502.443
77 13 606.166
77 12 192.581
77 11 14.4496
77 10 136.474
77 9 217.808
77 8 321.744
77 7 63.6705
77 6 514.288
77 5 778.851
77 4 696.286
77 3 457.789
77 2 403.741
77 1 779.354
76 82 483.185
76 81 836.427
76 80 572.947
76 79 643.948
76 78 717.372
76 77 788.858
76 75 564.863
76 74 375.425
76 73 395.992
76 72 472.38
76 71 575.365
76 70 354.793
76 69 698.88
76 68 305.173
76 67 872.94
76 66 674.621
76 65 254.188
76 64 616.432
76 63 438.243
76 62 473.491
76 61 158.63
76 60 808.664
76 59 728.755
76 58 852.175
76 57 658.055
76 56 436.651
76 55 856.354
76 54 720.171
76 53 770.46
76 52 132.319
76 51 639.849
76 50 554.672
76 49 759.909
76 48 484.155
76 47 572.052
76 46 681.522
76 45 293.896
76 44 842.286
76 43 245.143
76 42 287.545
76 41 700.821
76 40 320.469
76 39 488.683
76 38 722.091
76 37 450.208
76 36 619.433
76 35 351.863
76 34 650.996
76 33 551.466
76 32 637.085
76 31 349.235
76 30 856.012
76 29 900.261
76 28 753.74
76 27 142.842
76 26 663.59
76 25 202.832
76 24 199.029
76 23 278.09
76 22 465.323
76 21 408.588
76 20 186.802
76 19 622.508
76 18 210.632
76 17 664.487
76 16 870.054
76 15 228.299
76 14 473.502
76 13 838.533
76 12 599.415
76 11 780.033
76 10 911.63
76 9 875.104
76 8 494.247
76 7 773.357
76 6 293.052
76 5 253.118
76 4 488.407
76 3 331.136
76 2 412.676
76 1 400.301
75 82 215.645
75 81 877.889
75 80 407.584
75 79 113.282
75 78 308.425
75 77 389.247
75 76 564.863
75 74 785.116
75 73 703.447
75 72 703.737
75 71 120.443
75 70 615.991
75 69 802.463
75 68 866.628
75 67 360.703
75 66 289.628
75 65 411.952
75 64 316.497
75 63 469.112
75 62 425.813
75 61 441.187
75 60 433.16
75 59 191.38
75 58 338.872
75 57 741.606
75 56 585.481
75 55 822.325
75 54 792.857
75 53 267.965
75 52 447.268
75 51 513.451
75 50 23.6727
75 49 199.874
75 48 233.509
75 47 371.681
75 46 219.912
75 45 278.61
75 44 452.411
75 43 444.04
75 42 532.928
75 41 176.141
75 40 620.402
75 39 280.394
75 38 562.333
75 37 695.523
75 36 73.7409
75 35 742.613
75 34 646.975
75 33 649.886
75 32 132.162
75 31 434.475
75 30 585.379
75 29 499.452
75 28 679.715
75 27 422.696
75 26 635.563
75 25 501.545
75 24 724.568
75 23 352.716
75 22 693.911
75 21 231.514
75 20 458.681
75 19 509.01
75 18 710.831
75 17 303.189
75 16 703.574
75 15 684.792
75 14 562.577
75 13 846.65
75 12 307.806
75 11 390.564
75 10 522.605
75 9 586.064
75 8 160.698
75 7 420.958
75 6 283.277
75 5 450.284
75 4 309.718
75 3 307.511
75 2 380.574
75 1 408.571
74 82 609.894
74 81 581.393
74 80 565.427
74 79 890.277
74 78 794.005
74 77 837.749
74 76 375.425
74 75 785.116
74 73 130.298
74 72 217.219
74 71 843.687
74 70 196.419
74 69 438.481
74 68 334.268
74 67 987.279
74 66 982.238
74 65 613.441
74 64 941.948
74 63 396.112
74 62 458.82
74 61 376.563
74 60 836.092
74 59 974.43
74 58 970.79
74 57 426.07
74 56 292.83
74 55 644.854
74 54 474.428
74 53 895.399
74 52 479.079
74 51 567.698
74 50 766.349
74 49 981.663
74 48 599.323
74 47 588.266
74 46 802.682
74 45 524.534
74 44 870.7
74 43 612.051
74 42 255.809
74 41 858.103
74 40 173.713
74 39 816.402
74 38 636.181
74 37 199.013
74 36 811.986
74 35 43.59
74 34 486.226
74 33 360.465
74 32 799.073
74 31 715.642
74 30 800.812
74 29 923.14
74 28 597.894
74 27 438.62
74 26 510.539
74 25 289.967
74 24 215.21
74 23 618.116
74 22 218.357
74 21 716.687
74 20 339.816
74 19 550.421
74 18 180.31
74 17 731.849
74 16 741.994
74 15 147.162
74 14 348.453
74 13 604.09
74 12 656.583
74 11 824.728
74 10 923.793
74 9 827.297
74 8 650.847
74 7 795.849
74 6 516.226
74 5 621.529
74 4 824.195
74 3 478.111
74 2 449.048
74 1 761.422
73 82 511.802
73 81 474.493
73 80 442.912
73 79 813.18
73 78 677.998
73 77 716.575
73 76 395.992
73 75 703.447
73 74 130.298
73 72 94.957
73 71 775.901
73 70 87.5782
73 69 330.292
73 68 441.952
73 67 874.185
73 66 926.647
73 65 601.592
73 64 896.387
73 63 277.483
73 62 340.426
73 61 342.484
73 60 712.189
73 59 894.771
73 58 858.77
73 57 307.839
73 56 165.261
73 55 526.352
73 54 361.88
73 53 786.087
73 52 470.114
73 51 438.521
73 50 682.877
73 49 894.299
73 48 499.081
73 47 468.5
73 46 694.934
73 45 464.811
73 44 746.468
73 43 607.06
73 42 175.88
73 41 756.832
73 40 91.3541
73 39 775.758
73 38 506.011
73 37 73.3804
73 36 721.222
73 35 97.7891
73 34 357.638
73 33 232.002
73 32 700.778
73 31 706.215
73 30 670.907
73 29 797.745
73 28 469.916
73 27 415.333
73 26 381.349
73 25 244.697
73 24 292.402
73 23 593.584
73 22 93.2642
73 21 670.611
73 20 296.041
73 19 421.464
73 18 251.28
73 17 615.848
73 16 613.012
73 15 197.12
73 14 220.041
73 13 490.851
73 12 541.201
73 11 703.192
73 10 797.351
73 9 697.553
73 8 557.868
73 7 671.938
73 6 455.068
73 5 617.774
73 4 787.84
73 3 398.239
73 2 342.577
73 1 745.229
72 82 498.85
72 81 380.705
72 80 394.185
72 79 816.129
72 78 636.763
72 77 665.942
72 76 472.38
72 75 703.737
72 74 217.219
72 73 94.957
72 71 787.867
72 70 121.635
72 69 236.84
72 68 536.865
72 67 835.261
72 66 946.853
72 65 656.916
72 64 924.719
72 63 245.25
72 62 304.299
72 61 393.812
72 60 656.142
72 59 894.243
72 58 821.53
72 57 212.933
72 56 121.812
72 55 431.64
72 54 267.238
72 53 753.381
72 52 530.384
72 51 370.404
72 50 681.759
72 49 886.114
72 48 483.892
72 47 424.709
72 46 665.573
72 45 491.462
72 44 689.413
72 43 666.136
72 42 212.02
72 41 734.859
72 40 152.007
72 39 809.299
72 38 430.505
72 37 23.008
72 36 711.815
72 35 190.796
72 34 270.55
72 33 145.602
72 32 683.227
72 31 761.08
72 30 596.652
72 29 737.706
72 28 381.299
72 27 469.496
72 26 295.811
72 25 297.035
72 24 385.936
72 23 641.425
72 22 9.94279
72 21 701.997
72 20 344.426
72 19 354.667
72 18 344.66
72 17 575.568
72 16 526.263
72 15 289.198
72 14 164.539
72 13 395.975
72 12 503.382
72 11 652.013
72 10 734.777
72 9 624.171
72 8 549.526
72 7 616.268
72 6 480.945
72 5 677.324
72 4 824.256
72 3 410.004
72 2 326.261
72 1 795.484
71 82 322.681
71 81 988.956
71 80 521.82
71 79 82.8123
71 78 425.629
71 77 504.593
71 76 575.365
71 75 120.443
71 74 843.687
71 73 775.901
71 72 787.867
71 70 689.913
71 69 906.222
71 68 880.474
71 67 448.91
71 66 172.438
71 65 376.431
71 64 196.865
71 63 564.427
71 62 527.914
71 61 477.757
71 60 549.734
71 59 157.719
71 58 428.028
71 57 845.739
71 56 674.08
71 55 937.924
71 54 899.471
71 53 367.484
71 52 446.753
71 51 628.86
71 50 141.837
71 49 207.68
71 48 340.96
71 47 487.091
71 46 334.678
71 45 319.565
71 44 566.95
71 43 406.651
71 42 600.831
71 41 275.708
71 40 688.331
71 39 184.593
71 38 680.819
71 37 777.176
71 36 180.768
71 35 802.831
71 34 756.677
71 33 748.899
71 32 245.841
71 31 370.234
71 30 705.426
71 29 611.219
71 28 795.586
71 27 440.649
71 26 747.018
71 25 554.041
71 24 754.036
71 23 322.404
71 22 777.931
71 21 181.267
71 20 505.871
71 19 623.297
71 18 746.607
71 17 423.416
71 16 823.595
71 15 728.978
71 14 657.762
71 13 959.779
71 12 426.909
71 11 506.968
71 10 635.353
71 9 705.556
71 8 268.601
71 7 539.584
71 6 327.537
71 5 410.053
71 4 212.88
71 3 379.099
71 2 474.485
71 1 332.312
70 82 424.927
70 81 484.787
70 80 369.465
70 79 725.971
70 78 598.28
70 77 641.356
70 76 354.793
70 75 615.991
70 74 196.419
70 73 87.5782
70 72 121.635
70 71 689.913
70 69 344.799
70 68 463.006
70 67 792.771
70 66 842.79
70 65 535.907
70 64 815.239
70 63 199.707
70 62 262.407
70 61 273.01
70 60 640.326
70 59 807.341
70 58 776.77
70 57 307.979
70 56 108.475
70 55 517.974
70 54 368.568
70 53 702.753
70 52 408.766
70 51 380.191
70 50 595.353
70 49 806.752
70 48 412.562
70 47 391.847
70 46 610.873
70 45 382.074
70 44 675.051
70 43 544.652
70 42 94.1638
70 41 670.871
70 40 40.2118
70 39 696.64
70 38 454.086
70 37 101.877
70 36 633.773
70 35 154.54
70 34 327.651
70 33 209.606
70 32 614.164
70 31 640.253
70 30 615.156
70 29 728.109
70 28 439.534
70 27 348.398
70 26 347.482
70 25 175.653
70 24 297.991
70 23 522.221
70 22 113.282
70 21 590.351
70 20 224.042
70 19 362.328
70 18 257.705
70 17 536.08
70 16 576.165
70 15 200.339
70 14 163.073
70 13 491.93
70 12 460.928
70 11 628.369
70 10 729.629
70 9 640.57
70 8 470.471
70 7 600.122
70 6 372.016
70 5 555.807
70 4 710.109
70 3 311.473
70 2 257.272
70 1 675.784
69 82 586.89
69 81 144.258
69 80 411.564
69 79 914.595
69 78 640.238
69 77 639.294
69 76 698.88
69 75 802.463
69 74 438.481
69 73 330.292
69 72 236.84
69 71 906.222
69 70 344.799
69 68 769.036
69 67 831.062
69 66 1075.92
69 65 854.405
69 64 1070.09
69 63 348.016
69 62 378.312
69 61 596.493
69 60 613.354
69 59 981.856
69 58 822.743
69 57 60.9201
69 56 272.852
69 55 215.643
69 54 42.1329
69 53 770.973
69 52 737.987
69 51 329.622
69 50 778.882
69 49 956.854
69 48 568.958
69 47 449.603
69 46 698.318
69 45 653.501
69 44 640.594
69 43 868.652
69 42 417.7
69 41 781.01
69 40 381.758
69 39 967.53
69 38 344.927
69 37 259.746
69 36 788.95
69 35 420.981
69 34 173.576
69 33 165.025
69 32 743.592
69 31 955.471
69 30 493.546
69 29 675.528
69 28 233.604
69 27 671.733
69 26 196.869
69 25 507.476
69 24 622.509
69 23 828.465
69 22 241.189
69 21 860.254
69 20 547.1
69 19 323.388
69 18 581.285
69 17 587.919
69 16 369.99
69 15 526.034
69 14 260.947
69 13 166.949
69 12 531.456
69 11 624.913
69 10 664.226
69 9 522.126
69 8 641.899
69 7 578.423
69 6 642.568
69 5 880.249
69 4 987.099
69 3 555.764
69 2 436.186
69 1 982.048
68 82 758.217
68 81 912.98
68 80 796.095
68 79 948.851
68 78 983.19
68 77 1045.79
68 76 305.173
68 75 866.628
68 74 334.268
68 73 441.952
68 72 536.865
68 71 880.474
68 70 463.006
68 69 769.036
68 67 1155.03
68 66 973.129
68 65 538.934
68 64 909.144
68 63 632.309
68 62 685.75
68 61 433.458
68 60 1057.15
68 59 1033.82
68 58 1135.23
68 57 749.788
68 56 571.114
68 55 968.185
68 54 802.764
68 53 1053.95
68 52 434.973
68 51 833.177
68 50 854.924
68 49 1063.54
68 48 755.073
68 47 806.476
68 46 961.86
68 45 590.191
68 44 1092.04
68 43 520.259
68 42 456.237
68 41 991.982
68 40 423.686
68 39 783.414
68 38 911.386
68 37 515.211
68 36 917.2
68 35 348.08
68 34 789.509
68 33 667.158
68 32 928.165
68 31 615.859
68 30 1066.26
68 29 1148.96
68 28 901.931
68 27 444.486
68 26 810.215
68 25 414.561
68 24 171.317
68 23 574.945
68 22 535.025
68 21 711.182
68 20 434.564
68 19 814.974
68 18 207.69
68 17 925.058
68 16 1039.05
68 15 263.736
68 14 624.068
68 13 932.224
68 12 853.283
68 11 1035.02
68 10 1155.88
68 9 1089.69
68 8 779.594
68 7 1018.73
68 6 587.353
68 5 524.496
68 4 779.062
68 3 602.869
68 2 644.257
68 1 672.188
67 82 397.013
67 81 847.924
67 80 442.759
67 79 377.233
67 78 198.69
67 77 195.854
67 76 872.94
67 75 360.703
67 74 987.279
67 73 874.185
67 72 835.261
67 71 448.91
67 70 792.771
67 69 831.062
67 68 1155.03
67 66 566.207
67 65 765.583
67 64 628.442
67 63 597.037
67 62 534.478
67 61 723.799
67 60 233.663
67 59 363.981
67 58 21.951
67 57 775.313
67 56 716.913
67 55 755.012
67 54 804.578
67 53 102.628
67 52 775.226
67 51 502.186
67 50 356.019
67 49 293.88
67 48 401.47
67 47 410.608
67 46 193.168
67 45 581.655
67 44 221.146
67 43 797.696
67 42 738.487
67 41 185.873
67 40 813.884
67 39 631.467
67 38 496.407
67 37 836.985
67 36 287.297
67 35 944.036
67 34 657.613
67 33 724.94
67 32 243.874
67 31 795.094
67 30 411.01
67 29 228.851
67 28 628.207
67 27 732.973
67 26 634.468
67 25 747.45
67 24 993.767
67 23 705.937
67 22 827.04
67 21 592.154
67 20 720.88
67 19 510.565
67 18 969.328
67 17 259.733
67 16 573.342
67 15 928.524
67 14 670.844
67 13 801.954
67 12 333.245
67 11 209.576
67 10 255.326
67 9 394.153
67 8 378.715
67 7 259.467
67 6 581.017
67 5 805.025
67 4 660.431
67 3 552.162
67 2 538.858
67 1 768.467
66 82 494.769
66 81 1161.04
66 80 694.232
66 79 201.351
66 78 582.828
66 77 657.207
66 76 674.621
66 75 289.628
66 74 982.238
66 73 926.647
66 72 946.853
66 71 172.438
66 70 842.79
66 69 1075.92
66 68 973.129
66 67 566.207
66 65 437.401
66 64 85.8413
66 63 731.469
66 62 697.956
66 61 606.973
66 60 704.06
66 59 205.373
66 58 547.698
66 57 1015.69
66 56 836.75
66 55 1110.26
66 54 1070.31
66 53 502.91
66 52 542.33
66 51 801.179
66 50 312.296
66 49 277.546
66 48 513.049
66 47 659.364
66 46 489.98
66 45 462.083
66 44 717.225
66 43 461.166
66 42 750.789
66 41 417.647
66 40 836.8
66 39 191.77
66 38 851.923
66 37 934.569
66 36 337.874
66 35 943.373
66 34 928.569
66 33 916.788
66 32 403.256
66 31 388.125
66 30 868.079
66 29 756.03
66 28 967.859
66 27 555.364
66 26 919.253
66 25 693.417
66 24 866.734
66 23 398.294
66 22 936.919
66 21 269.345
66 20 642.64
66 19 795.722
66 18 865.811
66 17 588.216
66 16 992.404
66 15 856.613
66 14 824.157
66 13 1132.17
66 12 597.433
66 11 661.491
66 10 781.518
66 9 865.999
66 8 440.934
66 7 698.507
66 6 471.646
66 5 460.155
66 4 203.204
66 3 537.049
66 2 641.64
66 1 334.541
65 82 435.693
65 81 977.091
65 80 601.195
65 79 456.351
65 78 657.048
65 77 738.868
65 76 254.188
65 75 411.952
65 74 613.441
65 73 601.592
65 72 656.916
65 71 376.431
65 70 535.907
65 69 854.405
65 68 538.934
65 67 765.583
65 66 437.401
65 64 370.308
65 63 528.455
65 62 534.453
65 61 263.12
65 60 771.526
65 59 533.822
65 58 743.653
65 57 802.853
65 56 581.894
65 55 969.174
65 54 865.511
65 53 666.133
65 52 134.433
65 51 695.901
65 50 411.687
65 49 581.108
65 48 446.054
65 47 584.195
65 46 592.623
65 45 238.458
65 44 800.446
65 43 32.1616
65 42 445.728
65 41 580.181
65 40 512.869
65 39 245.923
65 38 773.173
65 37 637.782
65 36 481.744
65 35 582.743
65 34 760.109
65 33 691.644
65 32 522.44
65 31 104.641
65 30 869.997
65 29 856.126
65 28 843.549
65 27 187.514
65 26 764.098
65 25 360.361
65 24 453.213
65 23 59.6552
65 22 648.017
65 21 195.171
65 20 312.697
65 19 681.828
65 18 462.469
65 17 619.933
65 16 929.889
65 15 470.251
65 14 598.47
65 13 966.676
65 12 575.569
65 11 734.226
65 10 873.862
65 9 882.089
65 8 417.134
65 7 744.306
65 6 246.983
65 5 40.0875
65 4 240.14
65 3 335.686
65 2 462.215
65 1 148.227
64 82 502.539
64 81 1163.9
64 80 705.5
64 79 252.452
64 78 622.326
64 77 700.63
64 76 616.432
64 75 316.497
64 74 941.948
64 73 896.387
64 72 924.719
64 71 196.865
64 70 815.239
64 69 1070.09
64 68 909.144
64 67 628.442
64 66 85.8413
64 65 370.308
64 63 722.451
64 62 695.592
64 61 565.443
64 60 746.162
64 59 277.801
64 58 608.83
64 57 1010.82
64 56 820.055
64 55 1121.01
64 54 1067.84
64 53 556.464
64 52 485.248
64 51 813.288
64 50 336.621
64 49 348.867
64 48 520.516
64 47 672.82
64 46 530.915
64 45 433.619
64 44 762.535
64 43 391.186
64 42 721.655
64 41 466.951
64 40 805.397
64 39 128.056
64 38 870.32
64 37 910.754
64 36 376.694
64 35 904.805
64 34 931.161
64 33 907.781
64 32 442.203
64 31 310.258
64 30 901.876
64 29 805.227
64 28 979.778
64 27 506.976
64 26 924.289
64 25 656.889
64 24 812.377
64 23 338.375
64 22 914.86
64 21 226.205
64 20 605.206
64 19 806.025
64 18 814.787
64 17 619.653
64 16 1016.46
64 15 810.412
64 14 813.127
64 13 1138.39
64 12 618.732
64 11 703.38
64 10 829.862
64 9 902.339
64 8 451.623
64 7 736.446
64 6 443.976
64 5 388.842
64 4 130.273
64 3 519.323
64 2 633.929
64 1 254.849
63 82 257.394
63 81 454.198
63 80 170.742
63 79 582.389
63 78 400.515
63 77 441.649
63 76 438.243
63 75 469.112
63 74 396.112
63 73 277.483
63 72 245.25
63 71 564.427
63 70 199.707
63 69 348.016
63 68 632.309
63 67 597.037
63 66 731.469
63 65 528.455
63 64 722.451
63 62 63.0215
63 61 295.052
63 60 441.46
63 59 656.836
63 58 581.991
63 57 289.655
63 56 123.481
63 55 440.933
63 54 349.091
63 53 510.919
63 52 430.691
63 51 204.989
63 50 446.214
63 49 643.984
63 48 241.343
63 47 192.179
63 46 421.509
63 45 309.628
63 44 476.334
63 43 547.865
63 42 176.133
63 41 489.61
63 40 227.816
63 39 619.891
63 38 286.529
63 37 243.09
63 36 470.003
63 35 354.128
63 34 231.654
63 33 185.58
63 32 438.473
63 31 623.978
63 30 434.409
63 29 530.279
63 28 321.279
63 27 361.407
63 26 236.701
63 25 238.79
63 24 461.043
63 23 493.968
63 22 236.092
63 21 512.967
63 20 253.763
63 19 187.021
63 18 425.686
63 17 338.369
63 16 431.818
63 15 372.784
63 14 93.6086
63 13 439.435
63 12 263.849
63 11 428.681
63 10 533.154
63 9 457.442
63 8 310.366
63 7 401.363
63 6 298.816
63 5 559.559
63 4 640.038
63 3 209.156
63 2 89.9568
63 1 644.242
62 82 210.49
62 81 469.437
62 80 111.08
62 79 538.718
62 78 337.606
62 77 379.138
62 76 473.491
62 75 425.813
62 74 458.82
62 73 340.426
62 72 304.299
62 71 527.914
62 70 262.407
62 69 378.312
62 68 685.75
62 67 534.478
62 66 697.956
62 65 534.453
62 64 695.592
62 63 63.0215
62 61 321.873
62 60 380.311
62 59 609.824
62 58 519.679
62 57 317.848
62 56 183.491
62 55 440.504
62 54 372.767
62 53 449.563
62 52 449.257
62 51 168.167
62 50 402.412
62 49 592.541
62 48 193.105
62 47 129.518
62 46 361.275
62 45 303.543
62 44 415.295
62 43 556.691
62 42 230.718
62 41 432.157
62 40 289.289
62 39 600.261
62 38 250.002
62 37 303.784
62 36 419.748
62 35 416.635
62 34 238.002
62 33 224.507
62 32 383.643
62 31 624.745
62 30 385.893
62 29 469.971
62 28 309.52
62 27 380.829
62 26 235.676
62 25 281.4
62 24 514.535
62 23 494.258
62 22 295.481
62 21 495.538
62 20 286.693
62 19 151.819
62 18 480.718
62 17 275.498
62 16 402.874
62 15 429.472
62 14 144.043
62 13 447.935
62 12 201.234
62 11 366.308
62 10 473.904
62 9 407.23
62 8 265.19
62 7 340.392
62 6 293.31
62 5 568.24
62 4 622.379
62 3 201.279
62 2 72.2821
62 1 639.595
61 82 329.174
61 81 725.005
61 80 416.754
61 79 534.732
61 78 561.301
61 77 631.252
61 76 158.63
61 75 441.187
61 74 376.563
61 73 342.484
61 72 393.812
61 71 477.757
61 70 273.01
61 69 596.493
61 68 433.458
61 67 723.799
61 66 606.973
61 65 263.12
61 64 565.443
61 63 295.052
61 62 321.873
61 60 650.252
61 59 620.563
61 58 703.58
61 57 547.888
61 56 323.895
61 55 729.714
61 54 610.902
61 53 622.007
61 52 141.706
61 51 489.895
61 50 427.018
61 49 640.839
61 48 328.564
61 47 414.173
61 46 530.972
61 45 162.946
61 44 683.998
61 43 273.641
61 42 182.826
61 41 558.528
61 40 252.037
61 39 440.465
61 38 571.866
61 37 374.842
61 36 486.139
61 35 339.547
61 34 520.443
61 33 437.033
61 32 494.722
61 31 367.296
61 30 700.003
61 29 741.957
61 28 616.056
61 27 76.014
61 26 529.257
61 25 98.1507
61 24 283.482
61 23 251.101
61 22 384.898
61 21 340.177
61 20 49.8361
61 19 473.161
61 18 270.615
61 17 507.148
61 16 723.429
61 15 251.57
61 14 348.259
61 13 719.746
61 12 441.069
61 11 622.157
61 10 753.094
61 9 718.358
61 8 346.513
61 7 614.778
61 6 157.916
61 5 285.064
61 4 449.673
61 3 174.572
61 2 257.156
61 1 403.421
60 82 338.997
60 81 617.677
60 80 270.894
60 79 502.741
60 78 124.83
60 77 47.9033
60 76 808.664
60 75 433.16
60 74 836.092
60 73 712.189
60 72 656.142
60 71 549.734
60 70 640.326
60 69 613.354
60 68 1057.15
60 67 233.663
60 66 704.06
60 65 771.526
60 64 746.162
60 63 441.46
60 62 380.311
60 61 650.252
60 59 525.591
60 58 232.847
60 57 561.268
60 56 547.424
60 55 521.985
60 54 583.302
60 53 219.648
60 52 740.221
60 51 293.969
60 50 416.486
60 49 467.972
60 48 332.251
60 47 252.529
60 46 215.281
60 45 546.216
60 44 35.0666
60 43 801.69
60 42 608.526
60 41 288.896
60 40 669.231
60 39 709.448
60 38 270.296
60 37 662.525
60 36 369.509
60 35 794.83
60 34 442.596
60 33 528.767
60 32 303.967
60 31 829.02
60 30 181.884
60 29 92.0908
60 28 399.05
60 27 683.03
60 26 417.252
60 25 643.279
60 24 887.458
60 23 715.188
60 22 649.232
60 21 637.812
60 20 631.68
60 19 306.528
60 18 856.243
60 17 151.703
60 16 340.651
60 15 807.353
60 14 494.706
60 13 570.466
60 12 209.27
60 11 42.783
60 10 103.842
60 9 170.312
60 8 355.186
60 7 40.2615
60 6 541.248
60 5 811.336
60 4 738.395
60 3 478.895
60 2 412.938
60 1 817.838
59 82 399.99
59 81 1046.52
59 80 575.888
59 79 85.8633
59 78 412.619
59 77 477.721
59 76 728.755
59 75 191.38
59 74 974.43
59 73 894.771
59 72 894.243
59 71 157.719
59 70 807.341
59 69 981.856
59 68 1033.82
59 67 363.981
59 66 205.373
59 65 533.822
59 64 277.801
59 63 656.836
59 62 609.824
59 61 620.563
59 60 525.591
59 58 346.567
59 57 920.968
59 56 775.168
59 55 980.525
59 54 968.992
59 53 311.856
59 52 602.062
59 51 676.434
59 50 212.637
59 49 72.1739
59 48 416.901
59 47 538.146
59 46 321.914
59 45 458.223
59 44 533.484
59 43 563.744
59 42 723.637
59 41 238.104
59 40 811.255
59 39 323.45
59 38 712.719
59 37 886.457
59 36 193.42
59 35 932.253
59 34 819.903
59 33 834.273
59 32 247.453
59 31 520.911
59 30 700.03
59 29 566.192
59 28 838.653
59 27 590.91
59 26 805.618
59 25 688.234
59 24 901.499
59 23 480.122
59 22 884.455
59 21 338.775
59 20 643.105
59 19 674.983
59 18 891.141
59 17 433.295
59 16 839.289
59 15 868.969
59 14 749.776
59 13 1011.22
59 12 463.031
59 11 484.422
59 10 592.501
59 9 693.749
59 8 346.471
59 7 527.152
59 6 464.561
59 5 566.774
59 4 348.119
59 3 498.052
59 2 569.548
59 1 477.809
58 82 377.55
58 81 843.19
58 80 430.261
58 79 357.176
58 78 186.269
58 77 192.222
58 76 852.175
58 75 338.872
58 74 970.79
58 73 858.77
58 72 821.53
58 71 428.028
58 70 776.77
58 69 822.743
58 68 1135.23
58 67 21.951
58 66 547.698
58 65 743.653
58 64 608.83
58 63 581.991
58 62 519.679
58 61 703.58
58 60 232.847
58 59 346.567
58 57 766.392
58 56 702.575
58 55 752.144
58 54 797.093
58 53 81.7241
58 52 753.807
58 51 493.332
58 50 334.084
58 49 277.281
58 48 382.488
58 47 397.272
58 46 173.612
58 45 560.537
58 44 223.539
58 43 775.768
58 42 721.052
58 41 163.926
58 40 797.248
58 39 610.247
58 38 490.993
58 37 822.785
58 36 265.422
58 35 927.469
58 34 649.178
58 33 713.449
58 32 222.062
58 31 773.225
58 30 412.606
58 29 236.598
58 28 623.346
58 27 711.968
58 26 626.522
58 25 728.523
58 24 974.518
58 23 684.006
58 22 813.195
58 21 570.294
58 20 701.308
58 19 501.063
58 18 950.452
58 17 246.155
58 16 573.457
58 15 910.152
58 14 657.304
58 13 797.9
58 12 318.58
58 11 205.378
58 10 263.353
58 9 397.03
58 8 358.049
58 7 255.798
58 6 560.017
58 5 783.087
58 4 639.252
58 3 532.427
58 2 521.988
58 1 746.77
57 82 526.062
57 81 178.52
57 80 351.525
57 79 853.695
57 78 582.812
57 77 585.173
57 76 658.055
57 75 741.606
57 74 426.07
57 73 307.839
57 72 212.933
57 71 845.739
57 70 307.979
57 69 60.9201
57 68 749.788
57 67 775.313
57 66 1015.69
57 65 802.853
57 64 1010.82
57 63 289.655
57 62 317.848
57 61 547.888
57 60 561.268
57 59 920.968
57 58 766.392
57 56 224.551
57 55 219.045
57 54 63.0187
57 53 712.924
57 52 689.593
57 51 273.137
57 50 718.018
57 49 896.266
57 48 508.109
57 47 389.481
57 46 638.94
57 45 597.123
57 44 589.663
57 43 818.239
57 42 372.831
57 41 721.126
57 40 346.82
57 39 909.545
57 38 296.169
57 37 234.685
57 36 728.104
57 35 403.172
57 34 118.708
57 33 111.244
57 32 683.069
57 31 902.876
57 30 451.727
57 29 627.119
57 28 198.43
57 27 622.35
57 26 144.327
57 25 462.155
57 24 596.397
57 23 774.904
57 22 214.971
57 21 802.545
57 20 499.058
57 19 265.696
57 18 555.098
57 17 529.442
57 16 342.331
57 15 498.54
57 14 205.583
57 13 184.703
57 12 471.646
57 11 570.742
57 10 617.266
57 9 480.44
57 8 581.073
57 7 525.307
57 6 586.21
57 5 829.892
57 4 929.556
57 3 498.299
57 2 376.951
57 1 927.865
56 82 377.958
56 81 402.665
56 80 279.557
56 79 698.382
56 78 519.008
56 77 553.257
56 76 436.651
56 75 585.481
56 74 292.83
56 73 165.261
56 72 121.812
56 71 674.08
56 70 108.475
56 69 272.852
56 68 571.114
56 67 716.913
56 66 836.75
56 65 581.894
56 64 820.055
56 63 123.481
56 62 183.491
56 61 323.895
56 60 547.424
56 59 775.168
56 58 702.575
56 57 224.551
56 55 421.007
56 54 287.528
56 53 633.052
56 52 465.543
56 51 275.305
56 50 563.129
56 49 765.265
56 48 362.674
56 47 307.456
56 46 544.465
56 45 391.129
56 44 581.561
56 43 595.813
56 42 149.382
56 41 613.079
56 40 147.429
56 39 709.531
56 38 346.843
56 37 120.314
56 36 591.005
56 35 254.422
56 34 222.415
56 33 115.119
56 32 561.49
56 31 683.588
56 30 509.539
56 29 632.538
56 28 333.01
56 27 398.93
56 26 240.633
56 25 237.968
56 24 404.622
56 23 557.855
56 22 112.611
56 21 601.633
56 20 274.758
56 19 257.832
56 18 364.911
56 17 457.286
56 16 467.938
56 15 307.805
56 14 55.9271
56 13 402.014
56 12 384.007
56 11 539.669
56 10 632.103
56 9 535.531
56 8 429.417
56 7 507.203
56 6 380.268
56 5 607.404
56 4 726.776
56 3 300.934
56 2 205.827
56 1 712.071
55 82 618.543
55 81 114.923
55 80 416.288
55 79 927.019
55 78 588.687
55 77 559.927
55 76 856.354
55 75 822.325
55 74 644.854
55 73 526.352
55 72 431.64
55 71 937.924
55 70 517.974
55 69 215.643
55 68 968.185
55 67 755.012
55 66 1110.26
55 65 969.174
55 64 1121.01
55 63 440.933
55 62 440.504
55 61 729.714
55 60 521.985
55 59 980.525
55 58 752.144
55 57 219.045
55 56 421.007
55 54 174.707
55 53 719.189
55 52 869.127
55 51 309.085
55 50 799.039
55 49 941.122
55 48 600.512
55 47 450.927
55 46 667.066
55 45 743.593
55 44 540.408
55 43 988.795
55 42 568.985
55 41 754.386
55 40 557.908
55 39 1035.56
55 38 269.721
55 37 453.011
55 36 789.982
55 35 622.156
55 34 209.76
55 33 308.783
55 32 733.118
55 31 1063.15
55 30 360.139
55 29 559.483
55 28 142.656
55 27 800.018
55 26 205.536
55 25 654.711
55 24 812.191
55 23 932.697
55 22 433.174
55 21 933.247
55 20 683.791
55 19 315.122
55 18 771.019
55 17 551.527
55 16 201.209
55 15 713.951
55 14 383.633
55 13 62.8562
55 12 518.554
55 11 546.845
55 10 541.552
55 9 385.531
55 8 670.581
55 7 496.362
55 6 733.193
55 5 1000.49
55 4 1059.12
55 3 641.174
55 2 511.711
55 1 1079.89
54 82 578.013
54 81 116.338
54 80 394.793
54 79 904.086
54 78 616.58
54 77 611.217
54 76 720.171
54 75 792.857
54 74 474.428
54 73 361.88
54 72 267.238
54 71 899.471
54 70 368.568
54 69 42.1329
54 68 802.764
54 67 804.578
54 66 1070.31
54 65 865.511
54 64 1067.84
54 63 349.091
54 62 372.767
54 61 610.902
54 60 583.302
54 59 968.992
54 58 797.093
54 57 63.0187
54 56 287.528
54 55 174.707
54 53 748.15
54 52 752.607
54 51 306.066
54 50 769.2
54 49 941.222
54 48 559.872
54 47 432.927
54 46 678.553
54 45 657.831
54 44 609.466
54 43 881.087
54 42 435.56
54 41 762.588
54 40 406.821
54 39 968.543
54 38 313.383
54 37 289.758
54 36 775.643
54 35 454.849
54 34 151.234
54 33 174.108
54 32 727.864
54 31 965.257
54 30 457.081
54 29 642.404
54 28 196.031
54 27 685.324
54 26 171.102
54 25 524.987
54 24 652.928
54 23 837.002
54 22 270.51
54 21 861.916
54 20 562.076
54 19 301.8
54 18 611.621
54 17 566.338
54 16 329.292
54 15 555.626
54 14 267.596
54 13 129.719
54 12 513.378
54 11 596.926
54 10 630.162
54 9 485.516
54 8 632.937
54 7 549.455
54 6 646.942
54 5 892.746
54 4 989.035
54 3 558.203
54 2 434.819
54 1 989.666
53 82 296.924
53 81 803.249
53 80 367.798
53 79 304.521
53 78 132.216
53 77 172.367
53 76 770.46
53 75 267.965
53 74 895.399
53 73 786.087
53 72 753.381
53 71 367.484
53 70 702.753
53 69 770.973
53 68 1053.95
53 67 102.628
53 66 502.91
53 65 666.133
53 64 556.464
53 63 510.919
53 62 449.563
53 61 622.007
53 60 219.648
53 59 311.856
53 58 81.7241
53 57 712.924
53 56 633.052
53 55 719.189
53 54 748.15
53 52 672.797
53 51 442.119
53 50 260.274
53 49 250.01
53 48 302.661
53 47 332.533
53 46 93.6192
53 45 479.028
53 44 223
53 43 698.165
53 42 643.803
53 41 92.5725
53 40 721.69
53 39 545.387
53 38 451.68
53 37 753.347
53 36 194.386
53 35 851.937
53 34 597.945
53 33 652.164
53 32 143.731
53 31 700.025
53 30 400.345
53 29 254.58
53 28 584.427
53 27 630.358
53 26 577.072
53 25 648.452
53 24 893.904
53 23 606.568
53 22 744.749
53 21 497.655
53 20 620.341
53 19 447.586
53 18 870.385
53 17 183.939
53 16 552.863
53 15 830.932
53 14 590.171
53 13 760.533
53 12 250.751
53 11 181.908
53 10 280.744
53 9 389.959
53 8 276.326
53 7 230.237
53 6 478.401
53 5 705.802
53 4 574.661
53 3 451.323
53 2 446.392
53 1 676.336
52 82 402.783
52 81 866.621
52 80 533.022
52 79 518.294
52 78 637.134
52 77 714.273
52 76 132.319
52 75 447.268
52 74 479.079
52 73 470.114
52 72 530.384
52 71 446.753
52 70 408.766
52 69 737.987
52 68 434.973
52 67 775.226
52 66 542.33
52 65 134.433
52 64 485.248
52 63 430.691
52 62 449.257
52 61 141.706
52 60 740.221
52 59 602.062
52 58 753.807
52 57 689.593
52 56 465.543
52 55 869.127
52 54 752.607
52 53 672.797
52 51 616.655
52 50 439.865
52 49 637.376
52 48 408.092
52 47 523.559
52 46 588.645
52 45 196.894
52 44 772.084
52 43 136.947
52 42 322.302
52 41 596.102
52 40 382.98
52 39 357.27
52 38 697.403
52 37 510.335
52 36 507.546
52 35 448.357
52 34 659.458
52 33 578.712
52 32 533.51
52 31 237.835
52 30 813.176
52 29 829.641
52 28 751.689
52 27 69.2861
52 26 666.905
52 25 233.76
52 24 327.318
52 23 147.147
52 22 521.861
52 21 276.644
52 20 190.887
52 19 600.858
52 18 332.334
52 17 590.361
52 16 851.943
52 15 336.612
52 14 489.289
52 13 860.722
52 12 533.572
52 11 707.223
52 10 844.06
52 9 828.898
52 8 401.495
52 7 708.229
52 6 200.198
52 5 147.715
52 4 358.402
52 3 267.783
52 2 379.545
52 1 282.355
51 82 310.959
51 81 370.678
51 80 107.796
51 79 619.368
51 78 310.805
51 77 313.533
51 76 639.849
51 75 513.451
51 74 567.698
51 73 438.521
51 72 370.404
51 71 628.86
51 70 380.191
51 69 329.622
51 68 833.177
51 67 502.186
51 66 801.179
51 65 695.901
51 64 813.288
51 63 204.989
51 62 168.167
51 61 489.895
51 60 293.969
51 59 676.434
51 58 493.332
51 57 273.137
51 56 275.305
51 55 309.085
51 54 306.066
51 53 442.119
51 52 616.655
51 50 490.098
51 49 642.27
51 48 293.201
51 47 141.857
51 46 374.101
51 45 459.691
51 44 325.074
51 43 719.733
51 42 379.062
51 41 459.569
51 40 415.716
51 39 732.687
51 38 82.2427
51 37 380.049
51 36 484.034
51 35 529.726
51 34 156.108
51 33 235.879
51 32 430.378
51 31 781.512
51 30 235.011
51 29 369.602
51 28 166.788
51 27 548.565
51 26 135.101
51 25 443.157
51 24 662.501
51 23 651.914
51 22 364.606
51 21 633.612
51 20 453.372
51 19 18.2071
51 18 625.586
51 17 260.595
51 16 235.415
51 15 570.692
51 14 219.421
51 13 334.953
51 12 213.661
51 11 299.085
51 10 365.048
51 9 260.442
51 8 362.004
51 7 255.944
51 6 450.243
51 5 731.131
51 4 757.456
51 3 360.216
51 2 237.232
51 1 791.051
50 82 192.131
50 81 854.26
50 80 384.081
50 79 136.396
50 78 291.66
50 77 373.432
50 76 554.672
50 75 23.6727
50 74 766.349
50 73 682.877
50 72 681.759
50 71 141.837
50 70 595.353
50 69 778.882
50 68 854.924
50 67 356.019
50 66 312.296
50 65 411.687
50 64 336.621
50 63 446.214
50 62 402.412
50 61 427.018
50 60 416.486
50 59 212.637
50 58 334.084
50 57 718.018
50 56 563.129
50 55 799.039
50 54 769.2
50 53 260.274
50 52 439.865
50 51 490.098
50 49 216.218
50 48 209.947
50 47 348.289
50 46 205.355
50 45 265.312
50 44 436.891
50 43 443.846
50 42 513.289
50 41 170.21
50 40 600.569
50 39 294.06
50 38 539.649
50 37 673.831
50 36 70.0803
50 35 723.67
50 34 623.307
50 33 626.585
50 32 119.884
50 31 439.841
50 30 565.615
50 29 485.229
50 28 656.452
50 27 412.033
50 26 611.933
50 25 484.372
50 24 710.492
50 23 352.127
50 22 671.953
50 21 237.388
50 20 442.579
50 19 485.535
50 18 695.737
50 17 283.322
50 16 681.758
50 15 668.396
50 14 539.612
50 13 823.121
50 12 285.327
50 11 374.095
50 10 507.861
50 9 566.974
50 8 137.236
50 7 402.823
50 6 269.269
50 5 450.606
50 4 323.264
50 3 288.303
50 2 357.937
50 1 416.696
49 82 387.32
49 81 1012.87
49 80 546.43
49 79 125.314
49 78 361.384
49 77 420.142
49 76 759.909
49 75 199.874
49 74 981.663
49 73 894.299
49 72 886.114
49 71 207.68
49 70 806.752
49 69 956.854
49 68 1063.54
49 67 293.88
49 66 277.546
49 65 581.108
49 64 348.867
49 63 643.984
49 62 592.541
49 61 640.839
49 60 467.972
49 59 72.1739
49 58 277.281
49 57 896.266
49 56 765.265
49 55 941.122
49 54 941.222
49 53 250.01
49 52 637.376
49 51 642.27
49 50 216.218
49 48 402.746
49 47 508.299
49 46 274.934
49 45 478.033
49 44 473.002
49 43 612.01
49 42 727.483
49 41 187.803
49 40 814.213
49 39 385.225
49 38 671.683
49 37 880.105
49 36 174.299
49 35 938.779
49 34 790.641
49 33 815.381
49 32 213.378
49 31 577.599
49 30 645.934
49 29 502.257
49 28 800.61
49 27 619.057
49 26 774.464
49 25 700.586
49 24 924.056
49 23 524.979
49 22 876.498
49 21 386.647
49 20 658.401
49 19 642.588
49 18 910.685
49 17 389.857
49 16 790.921
49 15 884.409
49 14 735.303
49 13 975.208
49 12 429.107
49 11 428.065
49 10 528.847
49 9 637.715
49 8 337.278
49 7 473.22
49 6 482.987
49 5 616.048
49 4 411.339
49 3 503.626
49 2 559.854
49 1 537.666
48 82 18.2811
48 81 648.014
48 80 185.49
48 79 345.962
48 78 233.22
48 77 306.906
48 76 484.155
48 75 233.509
48 74 599.323
48 73 499.081
48 72 483.892
48 71 340.96
48 70 412.562
48 69 568.958
48 68 755.073
48 67 401.47
48 66 513.049
48 65 446.054
48 64 520.516
48 63 241.343
48 62 193.105
48 61 328.564
48 60 332.251
48 59 416.901
48 58 382.488
48 57 508.109
48 56 362.674
48 55 600.512
48 54 559.872
48 53 302.661
48 52 408.092
48 51 293.201
