nnodes narcs type
16 240  digraph 
nodename posx posy
16 738.77 39.2461
15 223.598 535.623
14 197.566 893.206
13 105.048 981.655
12 968.917 441.621
11 819.152 228.904
10 472.933 812.962
9 580.908 967.608
8 88.6013 741.935
7 810.02 95.8445
6 11.5886 295.587
5 442.35 185.024
4 377.808 904.661
3 113.712 553.343
2 214.432 637.064
1 767.999 32.5419
tail head weight
16 15 715.396
16 14 1011.01
16 13 1135.67
16 12 463.544
16 11 205.988
16 10 818.111
16 9 941.688
16 8 957.335
16 7 90.9938
16 6 771.041
16 5 330.327
16 4 937.676
16 3 809.317
16 2 795.184
16 1 29.9882
15 16 715.396
15 14 358.53
15 13 461.518
15 12 751.223
15 11 669.896
15 10 372.941
15 9 560.608
15 8 246.554
15 7 733.004
15 6 320.258
15 5 413.245
15 4 399.962
15 3 111.306
15 2 101.855
15 1 741.258
14 16 1011.01
14 15 358.53
14 13 127.995
14 12 893.818
14 11 909.762
14 10 286.821
14 9 390.495
14 8 186.43
14 7 1005.43
14 6 625.888
14 5 749.294
14 4 180.606
14 3 350.055
14 2 256.696
14 1 1032.54
13 16 1135.67
13 15 461.518
13 14 127.995
13 12 1018.78
13 11 1037.58
13 10 404.718
13 9 476.067
13 8 240.284
13 7 1132.1
13 6 692.404
13 5 865.098
13 4 283.419
13 3 428.4
13 2 361.535
13 1 1157.72
12 16 463.544
12 15 751.223
12 14 893.818
12 13 1018.78
12 11 260.15
12 10 619.591
12 9 653.615
12 8 930.131
12 7 380.539
12 6 968.402
12 5 585.76
12 4 750.876
12 3 862.471
12 2 779.388
12 1 455.756
11 16 205.988
11 15 669.896
11 14 909.762
11 13 1037.58
11 12 260.15
11 10 678.964
11 9 776.173
11 8 892.696
11 7 133.372
11 6 810.312
11 5 379.348
11 4 807.114
11 3 776.471
11 2 729.577
11 1 202.915
10 16 818.111
10 15 372.941
10 14 286.821
10 13 404.718
10 12 619.591
10 11 678.964
10 9 188.61
10 8 390.84
10 7 792.392
10 6 693.192
10 5 628.682
10 4 132.126
10 3 443.218
10 2 312.671
10 1 834.338
9 16 941.688
9 15 560.608
9 14 390.495
9 13 476.067
9 12 653.615
9 11 776.173
9 10 188.61
9 8 541.566
9 7 901.367
9 6 880.759
9 5 794.755
9 4 212.63
9 3 624.409
9 2 493.522
9 1 953.599
8 16 957.335
8 15 246.554
8 14 186.43
8 13 240.284
8 12 930.131
8 11 892.696
8 10 390.84
8 9 541.566
8 7 968.441
8 6 452.943
8 5 659.763
8 4 331.844
8 3 190.256
8 2 163.802
8 1 982.252
7 16 90.9938
7 15 733.004
7 14 1005.43
7 13 1132.1
7 12 380.539
7 11 133.372
7 10 792.392
7 9 901.367
7 8 968.441
7 6 823.037
7 5 378.33
7 4 917.055
7 3 833.156
7 2 804.763
7 1 75.9798
6 16 771.041
6 15 320.258
6 14 625.888
6 13 692.404
6 12 968.402
6 11 810.312
6 10 693.192
6 9 880.759
6 8 452.943
6 7 823.037
6 5 444.725
6 4 710.695
6 3 277.25
6 2 397.18
6 1 800.843
5 16 330.327
5 15 413.245
5 14 749.294
5 13 865.098
5 12 585.76
5 11 379.348
5 10 628.682
5 9 794.755
5 8 659.763
5 7 378.33
5 6 444.725
5 4 722.525
5 3 493.621
5 2 506.248
5 1 359.581
4 16 937.676
4 15 399.962
4 14 180.606
4 13 283.419
4 12 750.876
4 11 807.114
4 10 132.126
4 9 212.63
4 8 331.844
4 7 917.055
4 6 710.695
4 5 722.525
4 3 439.512
4 2 313.528
4 1 955.427
3 16 809.317
3 15 111.306
3 14 350.055
3 13 428.4
3 12 862.471
3 11 776.471
3 10 443.218
3 9 624.409
3 8 190.256
3 7 833.156
3 6 277.25
3 5 493.621
3 4 439.512
3 2 130.972
3 1 836.257
2 16 795.184
2 15 101.855
2 14 256.696
2 13 361.535
2 12 779.388
2 11 729.577
2 10 312.671
2 9 493.522
2 8 163.802
2 7 804.763
2 6 397.18
2 5 506.248
2 4 313.528
2 3 130.972
2 1 819.686
1 16 29.9882
1 15 741.258
1 14 1032.54
1 13 1157.72
1 12 455.756
1 11 202.915
1 10 834.338
1 9 953.599
1 8 982.252
1 7 75.9798
1 6 800.843
1 5 359.581
1 4 955.427
1 3 836.257
1 2 819.686
