nnodes   narcs         type
100 570 digraph
nodename posx posy
100 51.0954 33.2502
99 155.261 35.8752
98 181.828 24.1839
97 111.96 46.1545
96 103.631 22.2922
95 69.4006 53.2489
94 80.7424 78.9385
93 197.273 85.4204
92 12.5741 27.1533
91 116.976 99.001
90 71.801 9.22879
89 73.661 74.623
88 55.6947 75.9682
87 91.1064 72.1218
86 70.3052 80.2401
85 78.0033 79.7101
84 121.326 28.9605
83 123.147 52.8146
82 23.922 17.0094
81 57.6888 64.7412
80 187.77 54.1415
79 44.8489 35.1946
78 63.6593 7.85905
77 135.358 62.1591
76 144.37 28.6201
75 88.8893 29.717
74 44.462 41.7029
73 80.6971 69.4523
72 100.012 86.5633
71 95.8495 10.0126
70 48.2494 49.5344
69 152.383 0.453379
68 196.119 70.1042
67 115.453 53.9081
66 52.8786 41.5976
65 177.396 43.0523
64 181.236 71.6219
63 28.352 25.3816
62 69.9348 99.8072
61 57.7394 70.5141
60 13.0885 84.823
59 171.979 63.0505
58 22.4094 99.9277
57 36.2502 20.8749
56 131.553 7.92935
55 129.946 81.5114
54 70.2447 99.8363
53 113.484 98.0514
52 192.239 65.0371
51 39.2272 54.4511
50 197.387 38.8857
49 186.806 59.3341
48 165.447 31.3347
47 182.79 32.9182
46 48.4008 48.9496
45 180.647 36.8426
44 189.05 64.3744
43 67.6272 58.4941
42 45.8683 80.176
41 53.48 95.3097
40 16.3683 56.9725
39 39.0668 59.3232
38 131.702 93.7884
37 102.449 55.2193
36 121.42 37.562
35 151.986 67.062
34 56.1736 70.4665
33 40.6597 8.85762
32 113.955 50.9565
31 108.037 64.778
30 187.866 25.9061
29 94.9984 27.2491
28 75.4732 56.4835
27 175.205 69.6759
26 135.927 15.0975
25 63.963 98.2327
24 154.962 81.3267
23 132.007 70.2546
22 62.9154 43.6784
21 85.316 50.0941
20 59.3867 64.6692
19 23.3512 75.0923
18 22.1915 88.4096
17 192.492 1.20538
16 138.999 22.8603
15 78.5793 89.9323
14 178.216 59.3873
13 186.533 34.0327
12 1.31558 57.3299
11 124.412 21.0893
10 161.3 14.0473
9 116.93 21.6588
8 190.171 15.356
7 26.5108 6.41665
6 70.2418 57.3345
5 150.099 36.6274
4 37.5179 99.0434
3 113.098 0.176691
2 166.963 33.5986
1 8.32607 45.4492
tail head weight
100 90 31.7135
100 78 28.3295
100 22 15.7627
100 79 6.54215
100 66 8.5358
100 33 26.5311
100 57 19.3269
99 59 31.9057
99 65 23.2691
99 10 22.6479
99 2 11.9218
99 48 11.152
99 35 31.3584
99 76 13.0863
99 5 5.2161
98 8 12.1462
98 30 6.27833
98 47 8.78716
98 2 17.5953
98 10 22.8941
98 48 17.874
97 83 13.0194
97 36 12.7796
97 32 5.19997
97 37 13.1387
97 96 25.2741
97 29 25.399
96 36 23.4436
96 84 18.9092
96 9 13.3137
96 3 24.0565
96 97 25.2741
96 71 14.5377
96 29 9.95469
95 28 6.88034
95 21 16.225
95 6 4.17131
95 22 11.5608
95 43 5.5369
94 72 20.7234
94 87 12.4048
94 15 11.2046
94 85 2.84568
94 73 9.48631
94 89 8.29273
93 50 46.5348
93 91 81.4379
93 38 66.1027
93 24 42.5088
93 64 21.1564
93 68 15.3596
92 7 24.9848
92 82 15.2208
92 63 15.8771
92 12 32.2084
92 1 18.7826
91 93 81.4379
91 38 15.6219
91 55 21.7745
91 53 3.61861
91 54 46.7383
90 3 42.2773
90 71 24.0613
90 75 26.6792
90 22 35.5771
90 78 8.25609
90 100 31.7135
89 94 8.29273
89 73 8.7317
89 85 6.68832
89 86 6.54317
89 61 16.4433
89 6 17.6234
89 20 17.4022
89 43 17.2206
88 86 15.2223
88 61 5.82482
88 34 5.52259
88 42 10.6894
88 41 19.4678
87 31 18.4546
87 37 20.3558
87 72 16.9667
87 94 12.4048
87 21 22.7761
87 73 10.7461
86 85 7.71631
86 89 6.54317
86 15 12.7436
86 25 19.0776
86 41 22.5872
86 61 15.8901
86 88 15.2223
85 94 2.84568
85 15 10.2385
85 89 6.68832
85 86 7.71631
84 16 18.6964
84 11 8.45456
84 36 8.60209
84 9 8.52273
84 96 18.9092
83 5 31.4398
83 77 15.3764
83 32 9.37787
83 36 15.3501
83 97 13.0194
83 67 7.77148
83 23 19.5615
82 57 12.9199
82 7 10.9046
82 92 15.2208
82 63 9.47198
81 20 1.69943
81 43 11.7388
81 61 5.77311
81 34 5.92235
81 70 17.8983
81 39 19.3942
80 50 18.0341
80 52 11.7765
80 49 5.28127
80 14 10.899
80 65 15.1852
80 45 18.7079
80 13 20.1468
79 100 6.54215
79 66 10.2701
79 74 6.51976
79 57 16.7031
79 63 19.1948
78 3 50.0319
78 90 8.25609
78 7 37.1765
78 33 23.0213
78 100 28.3295
77 5 29.4818
77 35 17.3354
77 83 15.3764
77 23 8.76162
76 99 13.0863
76 10 22.3385
76 16 7.87554
76 36 24.6305
76 5 9.84599
75 71 20.8976
75 37 28.8832
75 29 6.58877
75 21 20.6881
75 90 26.6792
75 22 29.4884
74 66 8.41721
74 46 8.24796
74 79 6.51976
74 70 8.69927
74 63 22.9328
74 51 13.7812
73 87 10.7461
73 21 19.9016
73 94 9.48631
73 89 8.7317
73 28 13.9814
73 6 16.0048
72 55 30.3577
72 31 23.2163
72 53 17.7049
72 15 21.6959
72 87 16.9667
72 94 20.7234
71 3 19.8558
71 96 14.5377
71 29 17.2575
71 90 24.0613
71 75 20.8976
70 43 21.349
70 22 15.792
70 46 0.604139
70 81 17.8983
70 39 13.4216
70 74 8.69927
70 51 10.2749
69 17 40.1156
69 3 39.2864
69 10 16.2575
69 56 22.1312
69 26 22.029
68 50 31.2442
68 52 6.38239
68 44 9.09965
68 64 14.9607
68 93 15.3596
67 23 23.2648
67 83 7.77148
67 31 13.1587
67 32 3.30982
67 37 13.0695
66 74 8.41721
66 46 8.60823
66 22 10.2503
66 100 8.5358
66 79 10.2701
65 80 15.1852
65 45 7.0095
65 14 16.3555
65 59 20.7189
65 99 23.2691
65 2 14.0785
64 44 10.6579
64 93 21.1564
64 68 14.9607
64 24 28.0089
64 14 12.6018
64 27 6.33658
63 74 22.9328
63 51 31.0371
63 79 19.1948
63 57 9.09349
63 40 33.7875
63 82 9.47198
63 92 15.8771
63 1 28.3505
62 15 13.124
62 54 0.311282
62 25 6.17586
62 4 32.4259
61 89 16.4433
61 20 6.07263
61 86 15.8901
61 88 5.82482
61 81 5.77311
61 34 1.5665
60 58 17.7491
60 18 9.78404
60 19 14.1425
60 12 29.9078
59 14 7.23371
59 65 20.7189
59 27 7.3694
59 99 31.9057
59 35 20.3912
58 54 47.8355
58 4 15.1344
58 18 11.5201
58 60 17.7491
57 100 19.3269
57 33 12.8007
57 79 16.7031
57 63 9.09349
57 7 17.4326
57 82 12.9199
56 69 22.1312
56 11 14.9727
56 26 8.39697
56 3 20.0175
56 9 20.0583
55 24 25.016
55 38 12.402
55 23 11.4438
55 91 21.7745
55 53 23.3366
55 31 27.5688
55 72 30.3577
54 91 46.7383
54 53 43.2758
54 15 12.9443
54 58 47.8355
54 62 0.311282
54 4 32.7364
53 91 3.61861
53 55 23.3366
53 54 43.2758
53 72 17.7049
53 15 35.8363
52 50 26.6534
52 68 6.38239
52 44 3.25659
52 80 11.7765
52 49 7.87616
51 70 10.2749
51 74 13.7812
51 39 4.87477
51 40 22.9975
51 63 31.0371
50 93 46.5348
50 68 31.2442
50 52 26.6534
50 17 37.9969
50 80 18.0341
50 8 24.6114
50 30 16.0974
50 13 11.8896
49 52 7.87616
49 80 5.28127
49 14 8.59031
49 44 5.51717
48 98 17.874
48 10 17.7777
48 99 11.152
48 2 2.72499
47 30 8.65653
47 98 8.78716
47 2 15.8409
47 45 4.47115
47 13 3.90551
46 22 15.4421
46 66 8.60823
46 74 8.24796
46 70 0.604139
45 47 4.47115
45 80 18.7079
45 13 6.5221
45 2 14.0629
45 65 7.0095
44 68 9.09965
44 52 3.25659
44 64 10.6579
44 49 5.51717
44 14 11.9267
43 95 5.5369
43 6 2.8602
43 22 15.5469
43 20 10.2974
43 89 17.2206
43 70 21.349
43 81 11.7388
42 88 10.6894
42 41 16.94
42 34 14.1589
42 4 20.6327
42 39 21.9341
42 19 23.0839
42 18 25.0676
41 25 10.883
41 86 22.5872
41 88 19.4678
41 42 16.94
41 4 16.3929
40 39 22.8198
40 51 22.9975
40 63 33.7875
40 19 19.4187
40 1 14.0522
40 12 15.057
39 34 20.4161
39 81 19.3942
39 70 13.4216
39 51 4.87477
39 42 21.9341
39 40 22.8198
39 19 22.263
38 93 66.1027
38 24 26.3877
38 55 12.402
38 91 15.6219
37 67 13.0695
37 32 12.27
37 97 13.1387
37 31 11.0719
37 87 20.3558
37 21 17.8835
37 75 28.8832
37 29 28.9456
36 16 22.9164
36 5 28.6948
36 76 24.6305
36 83 15.3501
36 97 12.7796
36 96 23.4436
36 84 8.60209
35 27 23.3663
35 59 20.3912
35 99 31.3584
35 5 30.4931
35 77 17.3354
35 23 20.2322
35 24 14.5718
34 61 1.5665
34 81 5.92235
34 88 5.52259
34 39 20.4161
34 42 14.1589
33 78 23.0213
33 100 26.5311
33 7 14.3579
33 57 12.8007
32 83 9.37787
32 67 3.30982
32 97 5.19997
32 37 12.27
31 23 24.588
31 67 13.1587
31 55 27.5688
31 72 23.2163
31 37 11.0719
31 87 18.4546
30 8 10.7989
30 50 16.0974
30 13 8.23516
30 98 6.27833
30 47 8.65653
29 97 25.399
29 96 9.95469
29 71 17.2575
29 75 6.58877
29 37 28.9456
28 21 11.7348
28 73 13.9814
28 95 6.88034
28 6 5.30013
27 64 6.33658
27 14 10.7201
27 24 23.3569
27 59 7.3694
27 35 23.3663
26 10 25.3955
26 69 22.029
26 56 8.39697
26 11 12.9804
26 16 8.34865
25 15 16.8087
25 86 19.0776
25 62 6.17586
25 41 10.883
25 4 26.4576
24 93 42.5088
24 64 28.0089
24 27 23.3569
24 38 26.3877
24 55 25.016
24 23 25.4855
24 35 14.5718
23 77 8.76162
23 24 25.4855
23 35 20.2322
23 55 11.4438
23 31 24.588
23 67 23.2648
23 83 19.5615
22 21 23.3012
22 75 29.4884
22 95 11.5608
22 90 35.5771
22 43 15.5469
22 100 15.7627
22 70 15.792
22 46 15.4421
22 66 10.2503
21 37 17.8835
21 75 20.6881
21 87 22.7761
21 73 19.9016
21 28 11.7348
21 22 23.3012
21 95 16.225
20 89 17.4022
20 43 10.2974
20 81 1.69943
20 61 6.07263
19 39 22.263
19 42 23.0839
19 18 13.3678
19 60 14.1425
19 40 19.4187
19 12 28.3032
18 4 18.6541
18 42 25.0676
18 19 13.3678
18 58 11.5201
18 60 9.78404
17 50 37.9969
17 8 14.3397
17 69 40.1156
17 10 33.7317
16 10 23.9797
16 76 7.87554
16 36 22.9164
16 84 18.6964
16 11 14.6942
16 26 8.34865
15 53 35.8363
15 72 21.6959
15 94 11.2046
15 54 12.9443
15 85 10.2385
15 62 13.124
15 86 12.7436
15 25 16.8087
14 49 8.59031
14 44 11.9267
14 80 10.899
14 64 12.6018
14 27 10.7201
14 65 16.3555
14 59 7.23371
13 50 11.8896
13 30 8.23516
13 47 3.90551
13 45 6.5221
13 80 20.1468
12 60 29.9078
12 19 28.3032
12 40 15.057
12 92 32.2084
12 1 13.7948
11 56 14.9727
11 9 7.50352
11 84 8.45456
11 16 14.6942
11 26 12.9804
10 8 28.9001
10 17 33.7317
10 98 22.8941
10 48 17.7777
10 99 22.6479
10 76 22.3385
10 16 23.9797
10 69 16.2575
10 26 25.3955
9 11 7.50352
9 56 20.0583
9 84 8.52273
9 3 21.8212
9 96 13.3137
8 17 14.3397
8 30 10.7989
8 50 24.6114
8 10 28.9001
8 98 12.1462
7 3 86.8116
7 78 37.1765
7 33 14.3579
7 57 17.4326
7 92 24.9848
7 82 10.9046
6 73 16.0048
6 28 5.30013
6 95 4.17131
6 43 2.8602
6 89 17.6234
5 99 5.2161
5 35 30.4931
5 77 29.4818
5 83 31.4398
5 36 28.6948
5 76 9.84599
4 54 32.7364
4 62 32.4259
4 25 26.4576
4 41 16.3929
4 42 20.6327
4 18 18.6541
4 58 15.1344
3 69 39.2864
3 56 20.0175
3 9 21.8212
3 96 24.0565
3 71 19.8558
3 7 86.8116
3 78 50.0319
3 90 42.2773
2 47 15.8409
2 45 14.0629
2 98 17.5953
2 65 14.0785
2 99 11.9218
2 48 2.72499
1 40 14.0522
1 63 28.3505
1 92 18.7826
1 12 13.7948
