nnodes   narcs         type
200 1164 digraph
nodename posx posy
200 68.6867 36.2021
199 191.284 62.1797
198 28.0655 21.6437
197 10.9207 96.6173
196 29.686 42.4067
195 71.4542 1.24272
194 168.298 23.6575
193 165.277 41.3031
192 130.484 9.82121
191 76.4554 12.1441
190 20.613 15.3226
189 21.1323 66.8624
188 75.8379 66.1616
187 18.2914 6.05365
186 149.939 8.66656
185 130.825 85.7234
184 195.304 87.5274
183 58.9166 40.6813
182 144.685 96.5055
181 73.3802 81.8981
180 192.17 70.4156
179 146.873 10.611
178 157.917 40.4021
177 61.0432 1.05997
176 164.994 1.44322
175 57.5553 62.7378
174 189.687 12.592
173 64.5263 75.4633
172 109.035 48.8452
171 105.779 43.4194
170 60.5131 66.778
169 111.266 82.9452
168 157.409 13.1983
167 50.292 12.1797
166 137.861 62.0072
165 146.366 65.9092
164 43.0964 85.0708
163 179.61 6.89709
162 58.202 60.0381
161 99.9957 34.728
160 52.9599 64.4308
159 57.0239 17.3834
158 136.591 59.6719
157 177.853 50.4078
156 103.721 0.646683
155 109.852 18.1075
154 73.901 21.462
153 82.9307 23.6485
152 97.3845 12.7939
151 173.998 26.5403
150 158.75 73.0341
149 87.1429 81.588
148 9.89279 47.7358
147 49.5899 91.195
146 16.8197 68.9383
145 0.494452 39.5574
144 31.821 28.0751
143 86.9552 72.9086
142 84.6959 9.52347
141 133.318 73.0846
140 113.725 33.5764
139 4.42042 64.2611
138 178.497 0.764225
137 113.707 15.1651
136 71.2821 48.0388
135 140.391 95.2467
134 189.503 61.2867
133 107.618 5.48391
132 176.667 88.8525
131 161.897 98.4145
130 69.625 54.0322
129 193.24 91.8044
128 102.626 18.6012
127 90.2736 53.6636
126 69.0183 38.064
125 164.033 29.15
124 194.514 17.0758
123 161.858 1.72956
122 56.2432 0.9613
121 76.5064 39.6924
120 123.111 67.9464
119 117.57 6.11903
118 88.3533 44.0661
117 19.0929 85.4171
116 17.2846 87.0886
115 9.98011 55.8476
114 3.91354 51.5338
113 57.6192 66.674
112 190.642 89.1944
111 129.913 35.8096
110 86.3824 79.7103
109 110.711 92.6312
108 160.095 55.7981
107 186.903 47.9553
106 188.453 55.7961
105 25.0682 74.433
104 6.7803 31.2283
103 28.7622 44.6734
102 119.86 74.0761
101 155.908 68.5266
100 51.0954 33.2502
99 155.261 35.8752
98 181.828 24.1839
97 111.96 46.1545
96 103.631 22.2922
95 69.4006 53.2489
94 80.7424 78.9385
93 197.273 85.4204
92 12.5741 27.1533
91 116.976 99.001
90 71.801 9.22879
89 73.661 74.623
88 55.6947 75.9682
87 91.1064 72.1218
86 70.3052 80.2401
85 78.0033 79.7101
84 121.326 28.9605
83 123.147 52.8146
82 23.922 17.0094
81 57.6888 64.7412
80 187.77 54.1415
79 44.8489 35.1946
78 63.6593 7.85905
77 135.358 62.1591
76 144.37 28.6201
75 88.8893 29.717
74 44.462 41.7029
73 80.6971 69.4523
72 100.012 86.5633
71 95.8495 10.0126
70 48.2494 49.5344
69 152.383 0.453379
68 196.119 70.1042
67 115.453 53.9081
66 52.8786 41.5976
65 177.396 43.0523
64 181.236 71.6219
63 28.352 25.3816
62 69.9348 99.8072
61 57.7394 70.5141
60 13.0885 84.823
59 171.979 63.0505
58 22.4094 99.9277
57 36.2502 20.8749
56 131.553 7.92935
55 129.946 81.5114
54 70.2447 99.8363
53 113.484 98.0514
52 192.239 65.0371
51 39.2272 54.4511
50 197.387 38.8857
49 186.806 59.3341
48 165.447 31.3347
47 182.79 32.9182
46 48.4008 48.9496
45 180.647 36.8426
44 189.05 64.3744
43 67.6272 58.4941
42 45.8683 80.176
41 53.48 95.3097
40 16.3683 56.9725
39 39.0668 59.3232
38 131.702 93.7884
37 102.449 55.2193
36 121.42 37.562
35 151.986 67.062
34 56.1736 70.4665
33 40.6597 8.85762
32 113.955 50.9565
31 108.037 64.778
30 187.866 25.9061
29 94.9984 27.2491
28 75.4732 56.4835
27 175.205 69.6759
26 135.927 15.0975
25 63.963 98.2327
24 154.962 81.3267
23 132.007 70.2546
22 62.9154 43.6784
21 85.316 50.0941
20 59.3867 64.6692
19 23.3512 75.0923
18 22.1915 88.4096
17 192.492 1.20538
16 138.999 22.8603
15 78.5793 89.9323
14 178.216 59.3873
13 186.533 34.0327
12 1.31558 57.3299
11 124.412 21.0893
10 161.3 14.0473
9 116.93 21.6588
8 190.171 15.356
7 26.5108 6.41665
6 70.2418 57.3345
5 150.099 36.6274
4 37.5179 99.0434
3 113.098 0.176691
2 166.963 33.5986
1 8.32607 45.4492
tail head weight
200 121 8.56332
200 154 15.6351
200 126 1.89121
200 183 10.748
200 100 17.8373
200 159 22.1396
199 68 9.28305
199 50 24.0801
199 52 3.01261
199 44 3.13184
199 106 6.98323
199 134 1.99301
198 57 8.22072
198 63 3.74886
198 82 6.21651
197 58 11.9561
197 116 11.4584
197 60 11.9919
197 139 33.0027
197 12 40.4445
196 74 14.7928
196 79 16.7907
196 144 14.4898
196 103 2.4477
196 51 15.3656
196 63 17.0773
196 92 22.9234
196 1 21.5755
195 156 32.2721
195 142 15.6177
195 191 11.9938
195 177 10.4127
195 78 10.2243
195 90 7.99359
194 98 13.5403
194 163 20.2208
194 151 6.38754
194 48 8.18946
194 10 11.888
194 125 6.95405
193 2 7.88687
193 178 7.41563
193 108 15.3934
193 157 15.5255
193 65 12.2438
192 56 2.17315
192 26 7.58043
192 119 13.4339
192 11 12.8
191 142 8.64718
191 153 13.2016
191 154 9.66171
191 195 11.9938
191 90 5.49203
190 7 10.6818
190 82 3.71421
190 187 9.55523
190 92 14.3035
189 39 19.4547
189 105 8.53261
189 19 8.52371
189 40 10.9775
189 146 4.7862
188 73 5.86863
188 89 8.73694
188 28 9.68497
188 173 14.6449
188 6 10.4515
188 43 11.2341
188 170 15.3371
187 122 38.292
187 7 8.2275
187 190 9.55523
187 92 21.8605
187 145 37.9372
187 104 27.6815
186 69 8.56926
186 123 13.7905
186 179 3.63061
186 168 8.73741
185 135 13.4976
185 24 24.5336
185 141 12.8823
185 38 8.11252
185 91 19.1863
185 109 21.2677
185 55 4.30278
185 169 19.7558
184 93 2.88408
184 112 4.95047
184 129 4.74897
183 126 10.4353
183 200 10.748
183 100 10.7885
183 22 4.99741
183 66 6.1071
182 131 17.3169
182 24 18.3304
182 135 4.47547
182 91 27.822
181 85 5.11477
181 89 7.28051
181 15 9.5697
181 86 3.49347
181 25 18.8547
180 93 15.8488
180 68 3.96168
180 52 5.37891
180 112 18.8408
180 44 6.79921
180 64 11.0005
179 69 11.5561
179 168 10.8493
179 186 3.63061
179 76 18.1822
179 16 14.5617
179 56 15.5526
179 26 11.83
178 2 11.3195
178 193 7.41563
178 48 11.7865
178 99 5.24842
178 108 15.5494
178 5 8.68089
177 156 42.6797
177 195 10.4127
177 3 52.0622
177 122 4.80095
177 78 7.28504
176 163 15.6002
176 138 13.5201
176 69 12.6499
176 123 3.14996
176 10 13.1343
175 20 2.6616
175 162 2.7761
175 160 4.8974
175 81 2.00784
174 124 6.58806
174 17 11.7269
174 8 2.80603
174 163 11.5748
174 98 14.0049
173 89 9.17331
173 188 14.6449
173 86 7.4976
173 88 8.84604
173 61 8.39979
173 170 9.56767
172 97 3.97409
172 67 8.17404
172 32 5.35349
172 171 6.32806
172 37 9.16552
171 97 6.75916
171 140 12.6498
171 172 6.32806
171 37 12.2607
171 127 18.5839
171 118 17.4377
171 161 10.4397
170 188 15.3371
170 43 10.9194
170 20 2.3908
170 113 2.89583
170 61 4.65319
170 173 9.56767
169 102 12.35
169 55 18.7355
169 185 19.7558
169 109 9.70196
169 31 18.452
169 72 11.8212
168 123 12.3012
168 10 3.98275
168 125 17.2723
168 76 20.1955
168 179 10.8493
168 186 8.73741
167 159 8.50866
167 122 12.6992
167 78 14.0482
167 100 21.0858
167 33 10.1891
167 57 16.516
166 165 9.35765
166 141 11.9728
166 158 2.65851
166 77 2.50759
166 23 10.1139
165 108 17.0504
165 24 17.6515
165 35 5.73635
165 158 11.5961
165 166 9.35765
165 141 14.8911
164 147 8.92589
164 42 5.62511
164 4 15.0451
164 105 20.9326
164 18 21.1699
163 174 11.5748
163 17 14.083
163 98 17.4285
163 194 20.2208
163 10 19.6565
163 176 15.6002
163 138 6.233
162 95 13.0959
162 43 9.55087
162 22 17.0251
162 20 4.78022
162 175 2.7761
162 160 6.83928
162 46 14.7993
162 70 14.47
161 140 13.7771
161 96 12.9563
161 171 10.4397
161 118 14.9246
161 75 12.1845
161 29 8.99479
160 113 5.17121
160 175 4.8974
160 81 4.73913
160 162 6.83928
160 34 6.83795
160 42 17.2686
160 70 15.6234
160 39 14.8022
159 154 17.3629
159 78 11.6078
159 200 22.1396
159 167 8.50866
159 100 16.9382
158 108 23.8216
158 165 11.5961
158 5 26.712
158 77 2.77592
158 166 2.65851
158 111 24.779
158 83 15.0916
157 80 10.5964
157 107 9.37658
157 14 8.9868
157 59 13.9408
157 108 18.5577
157 193 15.5255
157 65 7.36968
156 3 9.38883
156 177 42.6797
156 71 12.2343
156 133 6.21211
156 195 32.2721
156 142 20.9939
155 137 4.84943
155 9 7.91898
155 96 7.4972
155 133 12.8196
155 128 7.24314
154 153 9.29067
154 191 9.66171
154 121 18.4157
154 200 15.6351
154 159 17.3629
154 78 17.0274
154 90 12.4122
153 152 18.0758
153 29 12.5934
153 142 14.2349
153 75 8.50481
153 121 17.2823
153 191 13.2016
153 154 9.29067
152 133 12.5765
152 128 7.82262
152 29 14.6508
152 153 18.0758
152 71 3.17678
152 142 13.1033
151 47 10.8615
151 98 8.177
151 194 6.38754
151 48 9.80347
151 2 9.96516
151 45 12.2616
150 59 16.5734
150 27 16.7949
150 132 23.9013
150 24 9.11669
150 101 5.32864
150 35 9.02304
149 87 10.2624
149 72 13.7975
149 15 11.9567
149 110 2.02583
149 94 6.92718
148 103 19.1163
148 40 11.2805
148 115 8.1123
148 1 2.77177
148 114 7.08352
147 41 5.66249
147 88 16.4049
147 4 14.399
147 42 11.6304
147 164 8.92589
146 189 4.7862
146 19 8.97397
146 60 16.317
146 139 13.2521
146 40 11.9743
146 115 14.7698
145 187 37.9372
145 104 10.4349
145 1 9.80039
145 114 12.4548
145 12 17.7914
144 57 8.45345
144 63 4.39182
144 196 14.4898
144 79 14.8464
143 87 4.22511
143 110 6.82576
143 73 7.14907
143 94 8.65786
142 156 20.9939
142 153 14.2349
142 152 13.1033
142 71 11.1643
142 195 15.6177
142 191 8.64718
141 165 14.8911
141 166 11.9728
141 24 23.1599
141 185 12.8823
141 55 9.07626
141 23 3.11896
141 102 13.4944
140 9 12.3411
140 36 8.66622
140 84 8.89284
140 97 12.7013
140 171 12.6498
140 96 15.1396
140 161 13.7771
139 146 13.2521
139 60 22.3143
139 197 33.0027
139 115 10.0845
139 12 7.59485
138 17 14.0013
138 69 26.116
138 176 13.5201
138 163 6.233
137 11 12.2351
137 119 9.83652
137 9 7.24972
137 133 11.4363
137 155 4.84943
136 21 14.1835
136 121 9.84657
136 28 9.42754
136 95 5.53946
136 126 10.2285
136 22 9.43474
135 24 20.1516
135 182 4.47547
135 91 23.7141
135 185 13.4976
135 38 8.81002
134 199 1.99301
134 44 3.12072
134 106 5.58992
134 49 3.32898
133 137 11.4363
133 119 9.9719
133 3 7.62828
133 155 12.8196
133 128 14.0354
133 152 12.5765
133 156 6.21211
133 71 12.6102
132 129 16.8331
132 112 13.9791
132 64 17.8259
132 131 17.5956
132 24 22.9733
132 27 19.2323
132 150 23.9013
131 129 32.0324
131 132 17.5956
131 54 91.6631
131 91 44.925
131 24 18.4415
131 182 17.3169
130 28 6.34113
130 6 3.35939
130 43 4.88873
130 95 0.814838
129 93 7.55138
129 184 4.74897
129 131 32.0324
129 112 3.6822
129 132 16.8331
128 155 7.24314
128 133 14.0354
128 96 3.82558
128 152 7.82262
128 29 11.5308
127 37 12.2747
127 171 18.5839
127 87 18.477
127 118 9.78771
127 73 18.466
127 28 15.0667
127 21 6.10894
126 121 7.66317
126 136 10.2285
126 22 8.29259
126 200 1.89121
126 183 10.4353
125 194 6.95405
125 48 2.6023
125 99 11.0532
125 10 15.3479
125 168 17.2723
125 76 19.6701
124 17 15.9987
124 174 6.58806
124 8 4.67126
124 30 11.0532
124 50 21.9983
123 176 3.14996
123 10 12.3303
123 168 12.3012
123 69 9.55974
123 186 13.7905
122 3 56.8601
122 177 4.80095
122 33 17.4699
122 187 38.292
122 7 30.2287
122 167 12.6992
122 78 10.1281
121 118 12.6284
121 75 15.9011
121 153 17.2823
121 21 13.6309
121 136 9.84657
121 126 7.66317
121 200 8.56332
121 154 18.4157
120 77 13.5455
120 83 15.1319
120 23 9.19035
120 102 6.93841
120 31 15.4039
120 67 15.9915
119 192 13.4339
119 56 14.0997
119 11 16.4595
119 137 9.83652
119 3 7.43721
119 133 9.9719
118 171 17.4377
118 161 14.9246
118 75 14.3591
118 127 9.78771
118 121 12.6284
118 21 6.75002
117 19 11.1685
117 18 4.30774
117 60 6.03366
117 116 2.46249
116 58 13.8241
116 18 5.08155
116 117 2.46249
116 60 4.76868
116 197 11.4584
115 40 6.48651
115 146 14.7698
115 139 10.0845
115 148 8.1123
115 114 7.44395
115 12 8.79041
114 148 7.08352
114 1 7.51609
114 115 7.44395
114 145 12.4548
114 12 6.35171
113 170 2.89583
113 20 2.67277
113 81 1.93409
113 61 3.84194
113 160 5.17121
113 34 4.05857
112 184 4.95047
112 93 7.62954
112 180 18.8408
112 129 3.6822
112 64 19.9318
112 132 13.9791
111 5 20.2031
111 76 16.146
111 16 15.8189
111 158 24.779
111 83 18.3016
111 36 8.67195
111 11 15.7147
111 84 10.9842
110 87 8.93871
110 143 6.82576
110 94 5.69259
110 149 2.02583
109 185 21.2677
109 91 8.93421
109 169 9.70196
109 72 12.2997
109 53 6.08831
108 157 18.5577
108 193 15.3934
108 59 13.9216
108 101 13.3997
108 35 13.8795
108 165 17.0504
108 158 23.8216
108 178 15.5494
108 5 21.6202
107 50 13.8625
107 80 6.24655
107 157 9.37658
107 65 10.6973
107 13 13.9276
107 45 12.7527
106 199 6.98323
106 50 19.1253
106 134 5.58992
106 80 1.7902
106 49 3.90245
105 42 21.5784
105 39 20.5977
105 164 20.9326
105 189 8.53261
105 19 1.83925
105 18 14.2696
104 187 27.6815
104 92 7.0833
104 145 10.4349
104 1 14.3048
103 196 2.4477
103 51 14.3219
103 40 17.4607
103 1 20.4509
103 148 19.1163
102 141 13.4944
102 23 12.7338
102 120 6.93841
102 55 12.5306
102 31 15.0416
102 169 12.35
101 59 16.9783
101 108 13.3997
101 35 4.18637
101 150 5.32864
100 183 10.7885
100 200 17.8373
100 159 16.9382
100 167 21.0858
100 57 19.3269
100 79 6.54215
100 66 8.5358
99 48 11.152
99 125 11.0532
99 178 5.24842
99 76 13.0863
99 5 5.2161
98 8 12.1462
98 30 6.27833
98 174 14.0049
98 47 8.78716
98 151 8.177
98 194 13.5403
98 163 17.4285
97 83 13.0194
97 36 12.7796
97 140 12.7013
97 32 5.19997
97 171 6.75916
97 172 3.97409
96 9 13.3137
96 155 7.4972
96 140 15.1396
96 161 12.9563
96 128 3.82558
96 29 9.95469
95 28 6.88034
95 136 5.53946
95 43 5.5369
95 130 0.814838
95 22 11.5608
95 162 13.0959
94 110 5.69259
94 149 6.92718
94 143 8.65786
94 15 11.2046
94 85 2.84568
94 73 9.48631
94 89 8.29273
93 50 46.5348
93 129 7.55138
93 184 2.88408
93 68 15.3596
93 180 15.8488
93 112 7.62954
92 190 14.3035
92 187 21.8605
92 196 22.9234
92 63 15.8771
92 82 15.2208
92 104 7.0833
92 1 18.7826
91 131 44.925
91 182 27.822
91 135 23.7141
91 38 15.6219
91 185 19.1863
91 54 46.7383
91 109 8.93421
91 53 3.61861
90 191 5.49203
90 195 7.99359
90 78 8.25609
90 154 12.4122
89 94 8.29273
89 85 6.68832
89 73 8.7317
89 188 8.73694
89 181 7.28051
89 173 9.17331
89 86 6.54317
88 86 15.2223
88 173 8.84604
88 61 5.82482
88 34 5.52259
88 41 19.4678
88 42 10.6894
88 147 16.4049
87 31 18.4546
87 72 16.9667
87 37 20.3558
87 149 10.2624
87 73 10.7461
87 127 18.477
87 143 4.22511
87 110 8.93871
86 89 6.54317
86 181 3.49347
86 25 19.0776
86 41 22.5872
86 173 7.4976
86 88 15.2223
85 94 2.84568
85 15 10.2385
85 89 6.68832
85 181 5.11477
84 11 8.45456
84 111 10.9842
84 9 8.52273
84 140 8.89284
84 36 8.60209
83 77 15.3764
83 158 15.0916
83 111 18.3016
83 120 15.1319
83 67 7.77148
83 32 9.37787
83 36 15.3501
83 97 13.0194
82 57 12.9199
82 7 10.9046
82 198 6.21651
82 190 3.71421
82 92 15.2208
82 63 9.47198
81 20 1.69943
81 113 1.93409
81 175 2.00784
81 160 4.73913
80 106 1.7902
80 50 18.0341
80 49 5.28127
80 107 6.24655
80 157 10.5964
80 14 10.899
79 66 10.2701
79 100 6.54215
79 74 6.51976
79 57 16.7031
79 196 16.7907
79 144 14.8464
78 195 10.2243
78 154 17.0274
78 90 8.25609
78 159 11.6078
78 177 7.28504
78 122 10.1281
78 167 14.0482
77 158 2.77592
77 166 2.50759
77 23 8.76162
77 83 15.3764
77 120 13.5455
76 125 19.6701
76 99 13.0863
76 168 20.1955
76 179 18.1822
76 5 9.84599
76 16 7.87554
76 111 16.146
75 161 12.1845
75 29 6.58877
75 118 14.3591
75 153 8.50481
75 121 15.9011
74 66 8.41721
74 46 8.24796
74 79 6.51976
74 70 8.69927
74 196 14.7928
74 51 13.7812
73 87 10.7461
73 143 7.14907
73 127 18.466
73 94 9.48631
73 28 13.9814
73 188 5.86863
73 89 8.7317
72 109 12.2997
72 169 11.8212
72 31 23.2163
72 53 17.7049
72 87 16.9667
72 149 13.7975
72 15 21.6959
71 156 12.2343
71 133 12.6102
71 152 3.17678
71 142 11.1643
70 162 14.47
70 46 0.604139
70 160 15.6234
70 39 13.4216
70 74 8.69927
70 51 10.2749
69 138 26.116
69 176 12.6499
69 186 8.56926
69 123 9.55974
69 179 11.5561
69 3 39.2864
69 56 22.1312
68 50 31.2442
68 93 15.3596
68 199 9.28305
68 52 6.38239
68 180 3.96168
67 83 7.77148
67 120 15.9915
67 31 13.1587
67 37 13.0695
67 172 8.17404
67 32 3.30982
66 46 8.60823
66 74 8.41721
66 22 10.2503
66 183 6.1071
66 79 10.2701
66 100 8.5358
65 107 10.6973
65 45 7.0095
65 2 14.0785
65 193 12.2438
65 157 7.36968
64 112 19.9318
64 180 11.0005
64 44 10.6579
64 132 17.8259
64 14 12.6018
64 27 6.33658
63 144 4.39182
63 57 9.09349
63 196 17.0773
63 198 3.74886
63 92 15.8771
63 82 9.47198
62 15 13.124
62 54 0.311282
62 25 6.17586
62 4 32.4259
61 173 8.39979
61 170 4.65319
61 88 5.82482
61 34 1.5665
61 113 3.84194
60 117 6.03366
60 116 4.76868
60 19 14.1425
60 146 16.317
60 139 22.3143
60 197 11.9919
59 14 7.23371
59 157 13.9408
59 27 7.3694
59 150 16.5734
59 108 13.9216
59 101 16.9783
58 54 47.8355
58 4 15.1344
58 197 11.9561
58 18 11.5201
58 116 13.8241
57 100 19.3269
57 167 16.516
57 33 12.8007
57 144 8.45345
57 79 16.7031
57 198 8.22072
57 63 9.09349
57 7 17.4326
57 82 12.9199
56 69 22.1312
56 179 15.5526
56 192 2.17315
56 26 8.39697
56 3 20.0175
56 119 14.0997
55 141 9.07626
55 102 12.5306
55 169 18.7355
55 185 4.30278
54 131 91.6631
54 91 46.7383
54 53 43.2758
54 15 12.9443
54 58 47.8355
54 62 0.311282
54 4 32.7364
53 91 3.61861
53 54 43.2758
53 109 6.08831
53 72 17.7049
53 15 35.8363
52 68 6.38239
52 180 5.37891
52 199 3.01261
52 44 3.25659
51 70 10.2749
51 74 13.7812
51 39 4.87477
51 196 15.3656
51 40 22.9975
51 103 14.3219
50 93 46.5348
50 17 37.9969
50 68 31.2442
50 199 24.0801
50 106 19.1253
50 107 13.8625
50 80 18.0341
50 13 11.8896
50 30 16.0974
50 124 21.9983
49 134 3.32898
49 106 3.90245
49 80 5.28127
49 14 8.59031
49 44 5.51717
48 151 9.80347
48 194 8.18946
48 2 2.72499
48 178 11.7865
48 99 11.152
48 125 2.6023
47 30 8.65653
47 98 8.78716
47 151 10.8615
47 45 4.47115
47 13 3.90551
46 22 15.4421
46 66 8.60823
46 162 14.7993
46 74 8.24796
46 70 0.604139
45 47 4.47115
45 107 12.7527
45 13 6.5221
45 65 7.0095
45 2 14.0629
45 151 12.2616
44 52 3.25659
44 199 3.13184
44 134 3.12072
44 180 6.79921
44 64 10.6579
44 49 5.51717
44 14 11.9267
43 6 2.8602
43 130 4.88873
43 95 5.5369
43 188 11.2341
43 170 10.9194
43 162 9.55087
43 20 10.2974
42 88 10.6894
42 34 14.1589
42 160 17.2686
42 147 11.6304
42 164 5.62511
42 39 21.9341
42 105 21.5784
41 86 22.5872
41 25 10.883
41 88 19.4678
41 147 5.66249
41 4 16.3929
40 39 22.8198
40 51 22.9975
40 103 17.4607
40 189 10.9775
40 148 11.2805
40 115 6.48651
40 146 11.9743
39 160 14.8022
39 70 13.4216
39 51 4.87477
39 42 21.9341
39 105 20.5977
39 40 22.8198
39 189 19.4547
38 135 8.81002
38 185 8.11252
38 91 15.6219
37 67 13.0695
37 172 9.16552
37 171 12.2607
37 31 11.0719
37 127 12.2747
37 87 20.3558
36 111 8.67195
36 83 15.3501
36 97 12.7796
36 140 8.66622
36 84 8.60209
35 108 13.8795
35 101 4.18637
35 150 9.02304
35 165 5.73635
35 24 14.5718
34 61 1.5665
34 113 4.05857
34 88 5.52259
34 160 6.83795
34 42 14.1589
33 122 17.4699
33 167 10.1891
33 7 14.3579
33 57 12.8007
32 83 9.37787
32 97 5.19997
32 172 5.35349
32 67 3.30982
31 102 15.0416
31 120 15.4039
31 67 13.1587
31 169 18.452
31 72 23.2163
31 37 11.0719
31 87 18.4546
30 8 10.7989
30 13 8.23516
30 50 16.0974
30 124 11.0532
30 98 6.27833
30 47 8.65653
29 96 9.95469
29 128 11.5308
29 152 14.6508
29 153 12.5934
29 75 6.58877
29 161 8.99479
28 127 15.0667
28 73 13.9814
28 21 11.7348
28 188 9.68497
28 6 5.30013
28 130 6.34113
28 136 9.42754
28 95 6.88034
27 64 6.33658
27 14 10.7201
27 59 7.3694
27 150 16.7949
27 132 19.2323
26 179 11.83
26 16 8.34865
26 56 8.39697
26 192 7.58043
26 11 12.9804
25 15 16.8087
25 181 18.8547
25 86 19.0776
25 62 6.17586
25 41 10.883
25 4 26.4576
24 132 22.9733
24 131 18.4415
24 150 9.11669
24 182 18.3304
24 135 20.1516
24 165 17.6515
24 35 14.5718
24 141 23.1599
24 185 24.5336
23 166 10.1139
23 77 8.76162
23 141 3.11896
23 120 9.19035
23 102 12.7338
22 136 9.43474
22 126 8.29259
22 95 11.5608
22 162 17.0251
22 46 15.4421
22 183 4.99741
22 66 10.2503
21 118 6.75002
21 127 6.10894
21 28 11.7348
21 136 14.1835
21 121 13.6309
20 43 10.2974
20 170 2.3908
20 162 4.78022
20 175 2.6616
20 81 1.69943
20 113 2.67277
19 105 1.83925
19 18 13.3678
19 117 11.1685
19 189 8.52371
19 146 8.97397
19 60 14.1425
18 4 18.6541
18 164 21.1699
18 105 14.2696
18 19 13.3678
18 58 11.5201
18 117 4.30774
18 116 5.08155
17 50 37.9969
17 124 15.9987
17 174 11.7269
17 138 14.0013
17 163 14.083
16 179 14.5617
16 76 7.87554
16 111 15.8189
16 11 14.6942
16 26 8.34865
15 53 35.8363
15 72 21.6959
15 149 11.9567
15 94 11.2046
15 54 12.9443
15 85 10.2385
15 62 13.124
15 25 16.8087
15 181 9.5697
14 49 8.59031
14 44 11.9267
14 80 10.899
14 64 12.6018
14 27 10.7201
14 59 7.23371
14 157 8.9868
13 50 11.8896
13 30 8.23516
13 47 3.90551
13 107 13.9276
13 45 6.5221
12 197 40.4445
12 139 7.59485
12 115 8.79041
12 114 6.35171
12 145 17.7914
11 16 14.6942
11 26 12.9804
11 192 12.8
11 84 8.45456
11 111 15.7147
11 9 7.50352
11 119 16.4595
11 137 12.2351
10 163 19.6565
10 194 11.888
10 176 13.1343
10 123 12.3303
10 168 3.98275
10 125 15.3479
9 11 7.50352
9 84 8.52273
9 140 12.3411
9 137 7.24972
9 155 7.91898
9 96 13.3137
8 174 2.80603
8 98 12.1462
8 30 10.7989
8 124 4.67126
7 122 30.2287
7 33 14.3579
7 57 17.4326
7 82 10.9046
7 187 8.2275
7 190 10.6818
6 28 5.30013
6 188 10.4515
6 43 2.8602
6 130 3.35939
5 99 5.2161
5 108 21.6202
5 178 8.68089
5 158 26.712
5 111 20.2031
5 76 9.84599
4 54 32.7364
4 62 32.4259
4 25 26.4576
4 41 16.3929
4 147 14.399
4 164 15.0451
4 18 18.6541
4 58 15.1344
3 69 39.2864
3 56 20.0175
3 119 7.43721
3 133 7.62828
3 156 9.38883
3 122 56.8601
3 177 52.0622
2 65 14.0785
2 45 14.0629
2 151 9.96516
2 193 7.88687
2 48 2.72499
2 178 11.3195
1 103 20.4509
1 196 21.5755
1 92 18.7826
1 148 2.77177
1 114 7.51609
1 104 14.3048
1 145 9.80039
